3982
0: 1 2 3 
1: 0 2 3 
2: 0 1 1555 2419 3 1663 
3: 0 503 524 1 738 1555 1952 2258 2419 2462 2612 2463 2696 3051 2259 3069 3264 3266 3339 3409 3089 3418 3500 3616 3792 2634 3830 3267 3070 2 2464 3920 3921 3922 
4: 5 6 7 
5: 4 492 
6: 4 116 120 162 505 1441 2345 2545 2857 3271 3315 3471 3480 3529 2858 3577 3578 3579 3580 3581 3582 3583 3584 3585 3586 3587 
7: 4 526 
8: 9 10 11 12 13 14 15 16 17 18 
9: 8 232 233 234 184 235 236 237 238 34 239 240 20 
10: 8 157 168 245 316 363 412 446 518 550 584 595 692 908 923 1036 1183 1196 1211 1260 1317 1366 1383 1408 738 1547 1556 1558 232 1625 1642 1648 1655 1708 1758 1818 1819 1820 1821 1548 1822 1823 1824 1825 1826 246 1173 1184 1827 1828 1829 1830 1831 1832 519 1759 368 1833 1834 1318 1835 1836 318 1649 1586 1837 1838 413 1839 1840 1841 1842 1587 1843 1844 1845 1846 1847 247 1848 1588 1422 1849 1850 1851 13 1174 1852 1853 1854 1376 1855 432 1856 1549 1198 1857 1192 1185 1858 1859 1860 521 1861 693 1862 1863 1864 1865 1866 1867 1414 653 1868 1869 1870 1186 1871 1872 1643 186 1199 1873 1874 1875 1876 1261 753 760 1877 15 1176 625 909 1878 1550 16 1879 1880 1881 1882 661 1883 370 1884 1885 1886 1887 1888 1889 1890 17 1891 1177 1892 319 1893 1774 1894 1895 1896 1897 1898 1899 1900 1901 1188 1902 1903 1904 1905 320 1906 1907 176 1908 662 1909 522 1650 1910 1911 434 1912 1913 930 1914 1190 1572 
11: 8 168 363 365 1392 1547 232 2137 1548 368 2323 1587 1849 1854 1549 521 1589 173 34 1395 371 1900 492 320 
12: 8 183 234 521 1589 237 1310 20 190 523 
13: 8 364 10 1835 1849 1850 16 370 
14: 8 518 183 232 1307 1587 1588 1261 1309 20 101 
15: 8 157 10 1821 17 
16: 8 923 10 924 925 13 926 1890 1180 1913 1968 
17: 8 365 232 10 318 1649 1307 1588 1174 521 753 15 1176 238 319 320 930 
18: 8 2980 235 236 3427 1309 239 1592 20 
19: 20 
20: 19 182 9 425 1088 183 1632 1980 2130 12 1981 2811 2849 2095 2860 2980 520 2995 1844 2799 1028 3068 3103 233 3196 3311 1308 3185 3420 234 184 3493 14 3509 235 236 3530 1982 3656 3668 3678 3594 3657 2800 237 3427 2988 3794 2801 3807 188 3658 189 1591 3848 1309 3871 3880 18 239 3933 1310 2861 3946 240 190 56 3951 2765 2082 2866 1633 191 1029 2030 3904 3906 543 
21: 22 
22: 21 2512 1378 3223 3475 3476 3477 
23: 24 25 26 27 28 
24: 23 645 646 647 25 648 649 650 651 27 
25: 23 161 620 24 731 845 738 1573 645 646 942 2052 367 2535 2187 2718 2783 2188 3218 647 733 3385 648 649 3390 3391 650 3023 2053 3392 3393 651 3394 3395 3396 3397 26 27 3398 28 
26: 23 161 25 27 
27: 23 161 24 25 648 26 
28: 23 25 649 650 3023 651 
29: 30 
30: 29 69 336 3358 3359 
31: 32 33 34 
32: 31 520 235 236 33 450 371 
33: 31 396 514 680 2279 2314 2357 2522 2537 1476 2562 3268 3343 2012 1668 2786 2315 32 3706 2804 3342 34 526 2602 3849 3850 3481 371 
34: 31 9 1392 232 11 33 1592 2712 
35: 36 37 
36: 35 47 37 
37: 35 47 36 48 2216 49 2400 2401 3047 54 56 
38: 39 
39: 38 551 641 1762 1763 553 1532 1314 554 643 3710 1768 3711 2827 1771 
40: 41 42 
41: 40 276 277 278 279 280 281 282 283 284 285 286 287 288 289 290 96 291 292 293 294 295 296 297 298 299 300 301 302 303 304 42 
42: 40 41 
43: 44 45 46 
44: 43 158 159 638 1925 1926 1927 626 45 160 1928 1929 1930 1931 1932 1933 1104 1934 1935 1936 61 
45: 43 44 1931 1266 46 
46: 43 2059 2141 45 2617 3610 3079 1104 2618 2619 2620 2621 
47: 36 48 49 50 51 52 53 54 55 37 56 57 58 59 
48: 47 1522 1760 2216 49 1524 1525 1527 1528 1529 54 37 56 1530 2217 
49: 47 1522 48 1523 2400 1524 1525 1526 1528 1529 53 37 1530 
50: 47 3047 1529 
51: 47 2292 3346 2563 451 662 
52: 47 
53: 47 1522 49 2400 1524 1525 1526 1527 1529 1530 
54: 47 2054 48 2256 2532 1524 2055 3350 1526 2056 2057 37 56 58 3947 
55: 47 
56: 47 698 685 1014 48 1523 1220 1386 3083 448 54 20 37 2759 
57: 47 
58: 47 54 
59: 47 610 1686 1302 
60: 61 62 
61: 60 259 564 1089 1264 1290 565 44 1265 3321 3033 1104 1266 1090 1936 62 3930 
62: 60 61 
63: 64 
64: 63 209 844 933 1012 1020 1653 1969 2367 1013 2725 2847 2873 2934 2963 2964 2965 2966 2453 2967 2968 2969 1970 401 2970 2971 2972 906 2973 2974 2975 2976 2977 2978 2979 
65: 66 
66: 65 324 76 325 326 327 328 329 330 331 332 333 
67: 68 
68: 67 397 398 399 400 401 402 403 
69: 30 
70: 71 
71: 70 1015 3214 
72: 73 
73: 72 130 853 1030 1091 1296 2003 2073 2726 2817 3050 3365 3435 3566 2004 3720 3629 3822 3905 1579 3563 2005 3943 3366 3367 3981 
74: 75 76 77 78 79 80 81 82 83 84 85 
75: 74 1172 76 1333 326 1334 1335 1336 1337 1338 1339 1340 139 
76: 74 130 228 66 346 75 249 815 1540 326 215 1553 727 1997 1924 1956 1998 329 618 243 839 1365 513 138 103 139 165 
77: 74 
78: 74 
79: 74 
80: 74 
81: 74 
82: 74 
83: 74 1270 994 930 
84: 74 
85: 74 
86: 87 88 
87: 86 260 261 262 263 264 265 266 267 268 269 270 271 88 272 273 274 275 
88: 86 87 
89: 90 91 
90: 89 1152 3502 3503 
91: 89 504 505 1086 1014 2360 1015 2695 1016 1017 3515 1019 1995 1087 1403 
92: 93 94 
93: 92 2391 3368 888 
94: 92 2215 2378 2649 3009 3157 3338 336 860 3551 3703 1985 3896 880 881 3952 3953 3954 
95: 96 
96: 95 41 1042 280 3132 3276 3412 3676 3737 3738 
97: 98 
98: 97 832 1099 1267 1373 1480 1651 178 2519 2541 2626 2694 833 2198 2333 2910 1268 3203 3058 3379 581 3499 3208 3533 3605 1652 1374 1104 3763 2520 3059 834 3875 3876 3380 3060 2199 
99: 100 101 
100: 99 101 
101: 99 759 1479 2511 2981 1778 3010 3057 3369 3482 1780 14 100 1104 3902 3915 3929 3967 3972 
102: 103 
103: 102 310 76 311 3675 187 312 3971 
104: 105 106 
105: 104 3650 3644 106 
106: 104 145 615 810 146 1293 2134 2358 2448 2645 147 264 2646 3288 3324 3473 2135 2658 105 3663 3695 3697 3704 3732 3650 3852 3863 3899 616 148 3644 3108 149 2647 3975 3976 
107: 108 
108: 107 456 457 458 459 460 461 462 463 464 465 466 467 468 469 470 471 472 473 474 475 476 477 478 479 480 481 482 483 484 485 486 487 488 
109: 110 111 
110: 109 342 907 505 1346 1377 1665 1796 1951 1976 2006 2029 2131 1666 2297 2840 2763 2989 3052 3127 3134 3135 3136 3137 2764 3138 2007 2787 2008 3139 111 3140 3141 3142 3143 2009 3144 3145 3146 2010 3147 3148 3149 3150 3151 3152 3153 
111: 109 1353 110 320 
112: 113 
113: 112 2368 3092 3093 3094 401 3095 3096 3097 
114: 115 
115: 114 715 1962 2184 2262 2650 2740 2741 2742 2743 2744 2745 1963 2746 2124 542 2747 2748 2749 2750 2317 2751 2752 2753 2754 
116: 6 
117: 118 119 
118: 117 1197 119 3011 
119: 117 803 867 195 1053 1566 2263 2389 2402 2443 2711 835 2863 659 118 3270 3283 401 3517 3568 3569 3570 804 597 3571 2856 805 1443 3572 3318 3573 1001 2434 882 
120: 6 
121: 122 
122: 121 678 2196 2226 2502 679 3348 2775 
123: 124 
124: 123 562 1258 1567 2762 2767 2843 563 3034 3035 3036 3037 3038 3039 826 3040 3041 3042 3043 3044 3045 3046 1259 
125: 126 127 
126: 125 529 1067 1412 232 1725 2044 2058 2075 317 2371 530 1413 1476 2372 2693 2802 2373 2076 2465 3019 2466 3192 3200 2648 531 3325 3326 2819 3327 3224 3026 3328 532 3329 3330 433 3331 3332 3333 1163 1726 3334 2374 3225 2820 3335 3336 175 1594 127 3194 533 
127: 125 1629 2122 3192 531 126 2819 2124 2126 
128: 129 
129: 128 211 603 654 828 1676 1805 1958 1986 2090 2142 2349 2285 658 2875 2876 265 2416 2877 1967 336 2878 2879 2880 2881 2882 2883 2143 2884 2885 2886 2887 2888 2889 2890 2891 2892 2893 2894 2895 2896 2186 2353 1315 2897 2898 2899 2900 2901 2347 2902 2903 2904 2905 2906 1968 
130: 76 131 132 133 134 135 136 137 138 139 73 
131: 130 
132: 130 2313 2687 
133: 130 1658 851 3426 3488 3489 
134: 130 3689 
135: 130 
136: 130 1559 2665 3497 3932 
137: 130 2825 
138: 130 76 326 1997 329 1087 2317 2043 
139: 130 878 75 76 326 3309 3368 879 
140: 141 
141: 140 665 821 883 884 1775 1949 2299 2312 2504 499 885 666 2943 2994 3062 3090 3197 3209 3352 667 3386 3416 3437 3483 668 3511 3661 3687 3693 3753 3756 3063 3836 3847 3892 3909 3183 3918 3944 3950 3956 3959 3968 822 3973 852 3425 669 3897 3979 3834 2300 3980 
142: 143 144 
143: 142 224 414 700 837 1021 1022 1299 1418 1637 1703 2398 2449 2454 2503 2505 701 1677 2768 2832 3179 3291 2450 3292 2507 3293 2451 3294 369 3295 2516 3296 3297 3298 3299 3082 3300 173 3301 2862 329 3302 2159 3303 3304 1991 3305 1095 3229 3306 1706 3307 2508 2984 3308 
144: 142 373 1901 492 1594 
145: 146 147 148 149 106 
146: 145 147 1028 148 149 106 1029 
147: 145 146 149 106 
148: 145 146 149 106 
149: 145 146 147 148 106 
150: 151 152 153 154 155 156 
151: 150 607 152 1025 2815 153 608 154 155 156 2816 
152: 150 339 607 923 2290 2674 2760 151 659 2912 1025 2913 2815 2914 336 153 2915 1114 2916 2403 608 927 2917 2918 2919 2920 154 338 155 2921 2922 2923 156 2816 2924 2925 
153: 150 151 152 155 
154: 150 151 152 608 338 155 156 2925 
155: 150 2760 151 152 153 608 154 2921 156 
156: 150 607 151 152 608 154 155 
157: 10 15 
158: 159 44 160 
159: 158 44 626 160 
160: 158 159 638 44 3079 
161: 25 26 27 
162: 6 
163: 164 165 
164: 163 249 
165: 163 846 1269 1488 76 326 3314 1270 3406 3775 3053 3669 3470 3133 
166: 167 
167: 166 598 2609 3251 2610 3611 3798 2043 
168: 169 10 170 171 11 172 173 174 175 176 
169: 168 244 313 655 682 1221 1222 1223 1224 1225 1226 1227 1228 1229 1230 401 1231 1232 1233 1234 1235 1236 1237 1238 1239 1240 1241 1242 892 929 1243 1244 1245 258 1246 1247 1248 1249 
170: 168 172 492 176 
171: 168 2083 2292 2350 1859 2351 1433 186 2352 238 661 2353 1592 1705 175 2354 1908 662 
172: 168 170 870 176 
173: 168 363 1196 1392 1638 246 11 1639 1588 1849 2288 143 369 433 1395 2093 371 176 2647 2289 
174: 168 494 2142 497 
175: 168 1412 232 1147 1184 171 530 1413 2980 126 521 184 236 1589 1590 187 1415 2353 1309 239 1592 492 1594 522 1572 
176: 168 10 170 1818 1849 172 653 173 
177: 178 179 
178: 177 559 560 1102 1131 1581 1707 1966 2019 1420 2333 2334 2335 2020 2336 2337 2021 2338 2022 2339 1104 2340 1105 2341 561 2342 98 2343 2344 2023 1106 2024 
179: 177 605 3752 606 
180: 181 
181: 180 3285 1016 3286 1960 3287 
182: 183 184 185 186 187 188 189 20 190 191 
183: 182 12 1307 233 1308 184 14 237 1309 1310 20 191 
184: 182 9 183 232 1307 234 236 237 187 3427 238 1309 1180 1592 20 190 175 492 523 2765 191 
185: 182 249 3211 
186: 182 10 171 368 1414 1592 
187: 182 232 368 1588 184 1589 1590 238 1592 175 1594 103 523 
188: 182 20 
189: 182 20 
190: 182 518 1980 12 2095 184 1310 2861 20 523 191 
191: 182 183 184 3946 20 190 
192: 193 
193: 192 631 948 1255 1574 1679 1680 538 1681 1682 1683 1684 1685 1686 1687 1688 1689 1690 1691 469 1692 1693 1694 1695 1696 1257 1697 1698 1699 1700 1701 1210 
194: 195 196 197 
195: 194 835 119 804 1001 
196: 194 364 1175 197 
197: 194 515 1026 1295 1667 1585 516 2385 2536 2601 2688 3029 2386 3159 3186 3407 3440 1135 3588 3030 3602 3649 3589 3666 517 3823 3590 196 1669 3858 3859 3860 3861 
198: 199 
199: 198 1165 366 2001 3021 2071 1254 3554 3555 1166 
200: 201 
201: 200 202 203 204 976 977 978 658 205 979 980 981 982 983 336 984 985 986 836 987 988 989 206 990 207 208 991 992 993 994 995 996 997 998 999 1000 
202: 203 204 201 205 206 207 208 
203: 202 204 201 205 207 208 
204: 202 203 201 835 658 205 836 206 207 208 
205: 202 203 204 201 978 206 207 208 
206: 202 204 201 978 205 
207: 202 203 204 201 205 836 
208: 202 203 204 201 205 983 987 
209: 64 210 
210: 209 3077 3927 3928 3078 
211: 129 
212: 213 
213: 212 504 3768 509 
214: 215 
215: 214 949 950 1942 76 2077 2806 2807 2808 2809 2810 1365 
216: 217 218 219 
217: 216 1798 3607 3608 3609 
218: 216 2542 2814 336 1135 2775 2722 1087 2543 3708 3709 
219: 216 
220: 221 
221: 220 548 847 1108 1617 2359 2633 2719 2833 3169 3275 3381 3466 3472 3600 3630 2185 3631 3632 3633 3634 3635 3636 3637 2317 3638 3639 1001 3640 
222: 223 
223: 222 656 1031 1777 2356 2452 1032 863 2635 336 2636 2637 2638 2639 2640 2641 2642 2643 2644 
224: 143 
225: 226 227 
226: 225 820 3459 2722 
227: 225 3202 
228: 229 76 230 231 
229: 228 230 1991 
230: 228 229 
231: 228 
232: 9 1392 1412 1558 10 317 1585 530 1413 368 11 1586 1307 1587 520 1588 1174 126 521 184 14 1589 1590 625 237 187 238 1591 17 1163 34 1592 1593 175 1189 492 1594 1416 522 523 1190 1572 
233: 9 183 1981 2980 3185 20 2030 
234: 9 518 12 520 521 184 235 236 1395 1310 240 20 522 523 
235: 9 518 1648 895 2095 520 2995 234 236 1982 32 2988 18 1592 20 523 
236: 9 518 368 2095 520 2995 896 234 184 235 1982 32 2801 18 1592 1310 20 175 523 
237: 9 183 232 1980 2130 12 1981 520 2799 184 2800 1309 239 1310 240 20 
238: 9 923 364 1183 232 1638 1947 317 1173 171 368 1586 413 1839 1587 1588 3157 1174 2472 1185 184 1432 1186 1643 753 2745 1176 625 187 661 370 17 1592 1900 1901 1189 1902 1594 930 1190 1572 
239: 9 896 237 3427 1309 18 1592 20 175 3904 
240: 9 520 234 3509 237 20 2331 
241: 242 243 
242: 241 960 243 
243: 241 252 259 346 76 2455 2676 2846 242 3217 3624 253 3845 3866 3867 3868 3869 3870 3776 3645 
244: 169 
245: 10 246 247 
246: 245 1392 1558 10 2288 1550 173 476 1395 371 1327 2289 
247: 245 365 10 1838 413 1589 1550 
248: 249 
249: 248 354 694 761 934 1278 1641 924 76 2154 2155 2228 2229 2230 2231 2232 2233 2234 2235 2236 2237 1231 164 2238 2239 355 185 2240 2241 2242 2243 2244 2245 2246 2247 2248 2249 2250 2251 2252 935 2253 2254 2255 
250: 251 
251: 250 695 696 1718 2175 2071 1719 3087 
252: 253 243 
253: 252 2658 243 3546 3776 3645 
254: 255 256 257 258 
255: 254 256 257 258 
256: 254 255 257 258 
257: 254 255 256 258 
258: 254 255 256 611 169 257 401 3895 3977 
259: 243 61 
260: 87 271 
261: 87 612 275 
262: 87 550 
263: 87 
264: 87 615 1560 866 1405 913 444 2210 623 1423 2999 3000 3001 3002 3003 3004 2383 616 3005 3006 1565 3007 1623 445 106 558 439 
265: 87 129 3202 
266: 87 
267: 87 
268: 87 
269: 87 1968 
270: 87 
271: 87 260 
272: 87 2263 
273: 87 
274: 87 
275: 87 261 1686 
276: 41 
277: 41 
278: 41 1178 285 
279: 41 
280: 41 374 375 377 391 315 2071 96 2722 
281: 41 
282: 41 
283: 41 
284: 41 
285: 41 278 292 
286: 41 2227 2080 3304 
287: 41 304 
288: 41 
289: 41 
290: 41 
291: 41 
292: 41 285 
293: 41 
294: 41 304 
295: 41 
296: 41 297 
297: 41 296 
298: 41 
299: 41 1385 2204 
300: 41 
301: 41 
302: 41 
303: 41 1618 
304: 41 287 294 
305: 306 307 
306: 305 307 
307: 305 339 1624 2528 2865 306 2781 2071 1724 3556 2529 768 769 3557 770 3558 3559 3560 3561 3562 3358 3563 3564 3565 
308: 309 
309: 308 859 1438 2139 2823 3198 3451 1742 1439 3797 
310: 311 312 103 
311: 310 312 103 
312: 310 311 103 
313: 169 
314: 315 
315: 314 280 3252 3253 3254 3255 
316: 10 317 318 319 320 
317: 316 232 530 126 625 2092 238 2093 1327 
318: 316 10 1842 780 17 320 
319: 316 10 3341 17 
320: 316 1147 10 11 1834 318 111 17 
321: 322 323 
322: 321 323 1727 
323: 321 621 1263 1271 322 2998 1727 3172 401 3173 3174 3175 3176 3177 3178 
324: 66 
325: 66 
326: 66 346 1153 75 1007 76 2033 2200 436 2689 2151 2690 2365 2691 138 918 2043 139 165 2692 
327: 66 
328: 66 
329: 66 76 143 138 
330: 66 
331: 66 
332: 66 
333: 66 
334: 335 336 337 338 
335: 334 
336: 334 898 931 201 890 430 223 1119 2821 129 152 30 3211 1979 843 870 3382 218 661 3229 993 94 1954 3383 711 
337: 334 
338: 334 152 1025 2515 608 154 2816 3906 
339: 340 152 307 341 
340: 339 1724 341 
341: 339 340 1724 
342: 343 110 
343: 342 1346 411 1181 
344: 345 
345: 344 1476 3024 
346: 76 326 347 348 349 243 350 351 352 353 
347: 346 
348: 346 
349: 346 
350: 346 
351: 346 
352: 346 
353: 346 
354: 249 355 
355: 354 249 
356: 357 358 359 
357: 356 1209 358 359 
358: 356 357 359 
359: 356 676 1209 2683 357 358 2298 3691 1104 3762 3962 677 
360: 361 362 
361: 360 362 
362: 360 361 3170 3612 1403 
363: 364 365 366 10 367 368 11 369 173 370 371 
364: 363 923 1173 413 13 1174 1175 1171 1176 238 370 196 1177 
365: 363 1184 530 368 11 247 1185 1186 1187 1176 625 17 1188 1189 492 1190 
366: 363 199 1254 
367: 363 2187 2188 25 
368: 363 518 939 365 232 1638 10 416 539 11 1834 1639 1854 960 1857 236 1414 1432 186 187 2352 238 661 1180 2563 1898 1904 1190 
369: 363 2505 143 3112 173 3342 3481 2508 
370: 363 364 10 2702 1737 2465 1849 13 1174 1185 238 2354 
371: 363 246 11 32 454 173 33 1116 450 2647 2289 
372: 373 
373: 372 1947 2265 2266 144 2267 2268 2269 1948 1016 2270 2271 2272 2273 2274 2275 2276 2277 2278 
374: 375 280 376 377 378 379 380 
375: 374 566 567 280 568 376 377 569 570 571 378 572 573 574 575 576 380 577 
376: 374 375 377 1135 378 572 
377: 374 375 1391 280 376 378 572 3168 3067 380 
378: 374 375 566 567 376 377 
379: 374 
380: 374 375 377 
381: 382 383 
382: 381 702 1993 703 3453 2190 705 3916 383 
383: 381 702 705 382 
384: 385 386 387 388 
385: 384 909 386 387 388 2348 
386: 384 862 385 387 388 
387: 384 595 385 386 388 
388: 384 862 1260 1753 2138 2510 2546 2624 3124 401 3496 3513 1306 3567 3591 3626 3665 385 386 3795 1889 3851 3514 387 3939 3886 3941 3942 2348 
389: 390 391 392 393 394 395 
390: 389 1965 391 394 
391: 389 502 534 1390 1713 1714 1793 390 2387 280 2798 2841 3025 1965 3158 1092 535 2764 3230 3231 3232 2388 392 928 3233 393 3234 536 3235 3236 3237 3238 3239 3084 1950 3240 394 3241 3242 3243 3244 395 3245 3246 3247 3248 1716 3249 3250 
392: 389 391 3232 3084 394 395 
393: 389 391 
394: 389 534 390 391 3232 392 3233 3236 3084 3244 395 3246 1716 
395: 389 2387 391 392 394 1716 
396: 33 
397: 68 
398: 68 
399: 68 
400: 68 
401: 68 632 169 682 1636 1014 2163 423 1445 610 818 2948 64 113 323 2959 1635 3344 2470 1354 3448 2097 3449 119 2582 906 3450 888 2524 388 258 
402: 68 
403: 68 
404: 405 406 
405: 404 1059 406 
406: 404 1059 1281 2176 2395 3606 2177 3878 405 2178 2396 1360 
407: 408 
408: 407 1417 1761 3660 2147 826 511 
409: 410 411 
410: 409 1168 411 882 
411: 409 612 1023 841 410 1551 1640 1977 2079 2160 2193 343 2533 2685 916 2710 2716 2534 3184 1054 2515 2346 3316 3340 3351 614 1671 1200 3694 2081 3774 3263 1168 3809 3825 3879 3317 3881 1169 3319 2317 3882 3883 3884 2136 2194 
412: 10 413 
413: 412 595 364 10 1173 247 238 1892 930 
414: 143 
415: 416 
416: 415 624 1212 1638 2321 2322 368 2323 1639 602 2324 2288 2325 2326 2327 1016 2328 2329 2330 1395 1593 2331 2289 2332 
417: 418 419 420 421 
418: 417 729 1120 419 1121 2677 1122 2678 2679 1126 2680 730 2681 420 826 421 
419: 417 418 1062 420 421 2962 
420: 417 418 419 
421: 417 1010 418 1062 419 2679 
422: 423 424 
423: 422 601 2034 2118 2390 424 2391 401 2392 2393 2394 
424: 422 423 2390 
425: 20 
426: 427 
427: 426 2191 3463 3501 3653 3725 3726 3727 3728 3729 3730 2317 3731 
428: 429 430 431 432 433 434 
429: 428 430 868 869 870 871 872 
430: 428 429 875 1009 1384 1598 868 876 1599 1600 431 1601 336 1602 1603 1604 869 1605 871 1606 1607 1180 1608 1609 1610 1611 1612 1613 1614 1615 
431: 428 430 1147 434 
432: 428 10 868 1600 434 
433: 428 126 1590 173 
434: 428 10 463 431 432 1888 
435: 436 
436: 435 786 326 3019 3117 3118 3119 3120 3121 
437: 438 439 
438: 437 1744 1205 2560 3505 1746 1748 439 
439: 437 588 938 1037 1043 1038 1367 1744 1205 2961 264 1082 2560 3505 1745 1039 438 1371 1372 3213 1746 1747 3960 1748 1206 
440: 441 442 
441: 440 593 1191 1272 3698 3699 3700 594 3701 442 3702 
442: 440 441 
443: 444 445 
444: 443 604 2099 2727 264 2728 2729 2730 2731 2732 2733 861 2734 2735 2736 2737 445 
445: 443 849 912 1002 850 1580 1262 913 444 264 3199 3347 3494 3504 3805 3856 3898 3969 
446: 10 
447: 448 449 450 451 
448: 447 452 1279 685 1943 2227 2399 2661 2662 2188 3312 3376 1292 3377 454 3772 3781 3378 2663 3877 449 2664 450 1280 451 56 1594 3265 
449: 447 452 1943 3312 1292 454 660 448 450 451 
450: 447 452 657 2292 3064 3312 32 454 660 661 2283 448 1435 449 451 2805 371 662 663 
451: 447 2292 3064 3132 51 454 660 2283 448 1435 449 450 2805 662 
452: 453 454 448 455 449 450 
453: 452 632 633 634 635 
454: 452 657 3064 3312 3376 660 3378 448 1435 449 450 451 371 
455: 452 2046 661 
456: 108 476 
457: 108 462 468 473 477 478 487 
458: 108 
459: 108 475 476 
460: 108 
461: 108 462 468 478 
462: 108 457 461 468 473 478 487 
463: 108 2275 434 
464: 108 
465: 108 
466: 108 473 481 
467: 108 538 2698 473 
468: 108 457 461 462 473 478 487 
469: 108 193 1014 538 3088 713 3574 2698 
470: 108 473 
471: 108 
472: 108 
473: 108 457 462 466 467 1232 468 470 477 478 486 487 
474: 108 752 
475: 108 459 482 
476: 108 456 459 246 613 482 
477: 108 457 473 478 486 
478: 108 457 461 462 468 473 477 487 
479: 108 
480: 108 
481: 108 466 
482: 108 475 476 
483: 108 
484: 108 
485: 108 
486: 108 3192 473 477 
487: 108 457 462 468 473 478 
488: 108 
489: 490 491 492 
490: 489 492 
491: 489 947 2515 2013 3790 
492: 489 830 1050 1146 1178 365 1392 1570 232 1147 170 1987 2094 925 2291 1476 11 2623 1307 2818 2947 1571 5 1722 3156 1944 3221 3341 144 2991 2927 3417 184 1051 905 490 1187 3719 3495 831 3799 661 1415 2310 941 1116 1394 2355 3925 3926 2311 1052 2563 872 2153 1945 175 2093 1189 3105 1988 3963 3964 3965 3790 3966 3106 
493: 494 495 496 497 
494: 493 174 585 497 
495: 493 496 497 
496: 493 495 3514 497 
497: 493 494 756 1113 2415 2476 1476 2724 2417 1115 3786 1074 495 174 1117 496 
498: 499 500 501 
499: 498 544 1014 2047 1049 2468 2133 141 
500: 498 
501: 498 
502: 391 
503: 3 
504: 505 506 507 91 508 213 509 
505: 504 974 1014 1015 110 91 6 1016 1017 1018 1019 
506: 504 2397 2531 3180 3181 3182 
507: 504 
508: 504 785 1702 2293 2294 2942 2945 3122 3282 3733 3739 3740 3741 3742 3743 1704 2295 1705 3091 2296 3744 3745 
509: 504 2864 2926 3408 3670 213 3894 
510: 511 
511: 510 1417 2037 2475 2739 2844 1011 3054 3055 3432 3900 826 408 
512: 513 
513: 512 1717 76 815 2420 3131 3931 
514: 33 
515: 516 517 197 
516: 515 2283 197 
517: 515 197 
518: 10 519 368 520 234 521 14 235 236 190 522 523 
519: 518 10 924 2530 1901 
520: 518 232 234 235 236 2239 32 237 2988 1592 240 20 1189 1416 522 
521: 518 1412 232 10 1413 11 12 1588 234 1589 17 1593 175 1189 522 1190 
522: 518 1412 232 10 895 520 234 521 1589 175 523 
523: 518 232 12 234 2554 184 235 236 187 1592 190 522 
524: 3 
525: 526 
526: 525 1476 2826 2946 3020 3410 3414 3444 3734 33 3872 7 3889 3890 3891 
527: 528 
528: 527 3048 3086 796 3724 3887 
529: 530 531 126 532 533 
530: 529 365 1412 232 317 1413 2076 2465 2466 126 1592 175 2093 1572 
531: 529 126 3224 3225 127 
532: 529 126 
533: 529 126 
534: 391 535 536 394 
535: 534 1965 391 
536: 534 1793 391 3243 
537: 538 539 540 541 542 543 
538: 537 627 670 910 628 939 1330 629 1554 193 1989 2284 2477 2478 911 2479 671 2480 467 672 2481 469 2482 2483 940 2484 2485 673 2486 2487 2488 2489 2352 2490 674 630 2491 2492 675 2493 2494 2495 2496 2497 1148 2498 2499 2500 2286 2501 
539: 537 368 1430 1187 1176 831 661 
540: 537 3229 
541: 537 3229 
542: 537 115 2742 2886 2036 
543: 537 20 
544: 499 545 546 547 
545: 544 
546: 544 3161 
547: 544 
548: 549 221 
549: 548 1385 1386 
550: 10 262 
551: 552 553 554 39 
552: 551 554 
553: 551 641 1763 1532 554 39 2827 
554: 551 592 641 1762 642 552 553 3085 1175 3484 1532 3518 3604 39 643 2518 644 3671 3672 3485 3673 
555: 556 557 558 
556: 555 636 1155 1331 1332 2622 1156 2707 2708 1157 1158 1159 1160 2709 1161 
557: 555 1041 2521 1204 
558: 555 807 1491 1349 2788 264 3077 1082 1544 1087 2656 
559: 178 
560: 178 561 
561: 560 2019 178 2021 2343 2024 
562: 124 563 
563: 562 124 2534 
564: 565 61 
565: 564 1090 61 
566: 375 378 
567: 375 378 
568: 375 
569: 375 
570: 375 1462 
571: 375 
572: 375 376 377 
573: 375 
574: 375 576 
575: 375 
576: 375 574 
577: 375 2582 
578: 579 580 581 582 583 
579: 578 619 581 582 583 
580: 578 619 1420 581 2720 582 583 
581: 578 579 619 1419 1420 580 3261 3322 2828 2720 2181 1652 582 1104 2341 3458 98 583 3262 3102 
582: 578 579 619 1420 580 581 583 
583: 578 579 619 580 581 582 
584: 10 
585: 494 1119 753 
586: 587 
587: 586 1130 2157 2442 2627 1016 
588: 439 
589: 590 591 
590: 589 1342 1582 1797 640 1343 591 1487 1344 
591: 589 639 1342 1485 1582 1797 1486 2140 2684 640 590 1343 3110 3111 3112 1487 1016 3113 3114 3115 1344 3080 3116 1345 
592: 554 
593: 441 594 
594: 593 441 
595: 10 413 596 597 387 
596: 595 2067 2191 1220 1985 2068 
597: 595 119 805 
598: 167 
599: 600 
600: 599 840 1201 2872 1596 
601: 423 602 
602: 601 416 
603: 129 
604: 444 
605: 179 606 
606: 605 1440 2212 2213 2071 179 2408 2214 3752 3917 
607: 151 152 608 156 
608: 607 2760 151 152 2914 2915 1114 154 338 155 156 2816 2925 
609: 610 
610: 609 664 754 632 891 897 975 1644 1971 1990 2002 2018 2031 2137 2287 2570 2571 2572 2573 755 2574 2575 2576 401 2577 2578 2032 2579 2580 2581 2582 2583 2584 2585 2586 2587 2588 2589 2590 2591 2592 2593 2594 2595 2596 2597 2598 2599 2600 59 
611: 258 
612: 261 613 614 411 
613: 612 1363 476 1116 1365 882 
614: 612 1200 411 2192 3425 
615: 264 616 106 
616: 615 2358 2539 2845 264 2540 3324 3651 3808 3652 3899 106 
617: 618 
618: 617 76 1795 
619: 579 580 581 582 583 
620: 25 
621: 323 
622: 623 
623: 622 652 1027 1060 1061 1404 1620 1721 2630 1062 2766 2780 264 3123 3207 2781 3516 3535 2983 1063 3536 3537 3538 3539 1407 3540 2962 3541 3542 3543 2631 3544 
624: 416 625 
625: 624 1183 365 1392 232 10 317 1828 2418 1051 1364 238 1365 1902 1572 
626: 159 44 
627: 628 629 538 630 
628: 627 629 538 630 
629: 627 628 538 673 630 
630: 627 628 629 538 2480 672 2484 673 
631: 193 
632: 453 637 774 775 776 633 610 634 777 635 401 778 779 780 781 782 783 784 
633: 453 632 774 776 
634: 453 632 635 779 783 
635: 453 632 774 776 634 779 783 
636: 556 
637: 632 
638: 44 160 
639: 640 591 
640: 639 590 591 
641: 642 553 554 39 643 644 
642: 641 554 2518 
643: 641 554 39 644 
644: 641 554 643 2827 
645: 24 732 25 649 650 651 
646: 24 732 25 650 
647: 24 2718 25 2053 
648: 24 845 25 649 650 27 
649: 24 732 645 25 648 3390 650 3395 28 
650: 24 645 646 25 648 649 3391 2053 651 3394 28 
651: 24 732 645 25 650 3395 28 
652: 623 653 
653: 652 10 1590 1537 1180 1907 176 
654: 129 
655: 169 
656: 223 
657: 658 659 454 660 661 450 662 663 
658: 657 204 201 129 2862 996 
659: 657 152 119 882 
660: 657 2292 3064 454 661 2283 449 450 451 662 
661: 657 848 1197 1375 1425 1427 1776 10 1957 2046 2204 171 539 368 2611 1428 2657 2292 2874 2956 1429 2350 1779 1430 1431 2957 3375 336 2991 2628 3464 3193 2992 1414 3550 1432 1869 3452 1433 3655 3674 3677 2958 3696 1434 660 3771 2990 238 2283 3801 2353 2206 3761 3802 1435 455 1436 1592 450 3803 3201 1593 2354 1437 492 1908 662 663 3804 
662: 657 10 171 2292 51 2908 660 661 2206 450 451 2805 
663: 657 2627 3064 3631 3800 661 450 
664: 610 
665: 666 667 668 669 141 
666: 665 668 669 141 
667: 665 141 
668: 665 666 669 141 
669: 665 666 668 141 
670: 538 671 672 673 674 675 
671: 670 538 675 
672: 670 538 630 
673: 670 629 538 630 
674: 670 538 675 
675: 670 538 671 674 
676: 359 677 
677: 676 3278 359 
678: 679 122 
679: 678 122 
680: 33 
681: 682 683 
682: 681 169 1493 1494 1495 1496 683 1497 1498 401 1499 1297 1500 1501 1502 1503 1504 1505 1506 
683: 681 682 2292 1887 1506 
684: 685 
685: 684 752 1783 926 1784 1785 1786 1787 1788 989 448 1789 1790 56 1791 1792 
686: 687 688 
687: 686 877 1132 1133 688 1134 1135 1136 1137 1138 1139 1140 1141 1142 
688: 686 687 
689: 690 691 
690: 689 1659 1660 1661 1662 1663 691 1403 
691: 689 690 1659 
692: 10 693 
693: 692 10 
694: 249 
695: 696 251 
696: 695 251 
697: 698 699 
698: 697 854 951 952 953 954 955 956 957 958 959 960 961 962 963 964 965 966 967 968 56 969 699 970 971 972 
699: 697 698 
700: 701 143 
701: 700 143 
702: 703 704 705 382 383 
703: 702 382 
704: 702 727 
705: 702 382 2671 383 
706: 707 
707: 706 1557 2197 3357 1104 
708: 709 
709: 708 3195 3837 1544 
710: 711 
711: 710 2203 2660 3320 336 3382 3436 3290 3893 3908 1909 3862 
712: 713 714 
713: 712 1710 3101 1711 469 1712 714 3534 
714: 712 1712 713 
715: 115 
716: 717 718 719 720 721 722 723 724 725 
717: 716 721 722 
718: 716 
719: 716 
720: 716 2543 
721: 716 717 722 
722: 716 717 721 
723: 716 
724: 716 2178 
725: 716 
726: 727 728 
727: 726 1111 1400 1940 1941 76 2066 2413 2564 1112 1401 704 2565 2566 3370 3263 3371 3372 2567 2568 3373 2569 1723 3374 728 
728: 726 1401 727 2565 2569 
729: 418 730 
730: 729 418 
731: 732 733 25 
732: 731 645 646 942 943 649 944 651 945 
733: 731 25 
734: 735 
735: 734 736 737 738 739 740 741 742 743 744 745 746 747 748 749 750 751 
736: 735 737 739 742 746 750 
737: 735 736 742 746 750 
738: 735 1399 10 1014 1446 1447 25 1448 3 1449 1450 
739: 735 736 
740: 735 
741: 735 
742: 735 736 737 746 749 
743: 735 
744: 735 
745: 735 747 
746: 735 736 737 742 749 750 
747: 735 745 
748: 735 
749: 735 742 746 
750: 735 736 737 746 
751: 735 
752: 685 753 474 
753: 752 1375 10 2505 1318 1850 2886 3202 1501 238 1887 17 585 1900 1706 1908 
754: 610 755 
755: 754 610 2585 2599 
756: 497 
757: 758 
758: 757 1100 1631 1251 2854 3056 2071 3422 3487 3690 3712 3713 3714 3715 3716 3717 3718 
759: 760 101 
760: 759 10 1862 
761: 249 
762: 763 764 765 766 767 768 769 770 771 
763: 762 764 2156 765 766 767 1411 771 
764: 762 763 2156 765 766 767 771 
765: 762 763 764 2156 767 1411 771 
766: 762 763 764 2156 767 
767: 762 1409 1410 763 764 2156 765 766 1411 771 3467 1057 3468 1360 3469 
768: 762 307 3556 2529 769 770 3560 
769: 762 2528 307 3556 2529 768 770 3560 
770: 762 2528 307 3556 2529 768 769 3560 3564 
771: 762 763 764 2156 765 767 
772: 773 
773: 772 1654 2174 1274 2606 2859 3073 3074 3215 3216 3864 2607 3075 
774: 632 776 633 635 779 783 
775: 632 2118 
776: 632 774 633 635 779 783 
777: 632 
778: 632 
779: 632 774 776 634 635 783 
780: 632 318 
781: 632 
782: 632 
783: 632 774 776 634 635 779 
784: 632 
785: 508 
786: 436 
787: 788 789 
788: 787 789 
789: 787 973 2867 788 2656 
790: 791 792 793 794 795 796 797 798 799 800 801 802 
791: 790 797 800 
792: 790 
793: 790 
794: 790 
795: 790 
796: 790 3441 528 2722 802 
797: 790 791 
798: 790 
799: 790 
800: 790 791 
801: 790 
802: 790 1396 2161 3399 796 3641 3400 3721 3498 3970 3978 
803: 119 804 805 806 
804: 803 195 119 
805: 803 119 597 3571 
806: 803 3450 
807: 808 809 558 
808: 807 3166 3220 3510 
809: 807 1575 1576 
810: 106 
811: 812 813 
812: 811 3486 1578 2261 
813: 811 932 1291 2412 1476 2855 3281 1292 3826 3827 3828 3829 
814: 815 816 
815: 814 1145 1664 1717 76 2420 2421 2422 2423 2424 2425 2426 2427 2428 2429 513 2430 2431 2432 2433 816 2434 
816: 814 815 2421 2424 1181 
817: 818 
818: 817 401 
819: 820 
820: 819 829 1162 1451 1452 1453 1454 1455 1456 1457 1458 1459 1460 1461 1462 226 1463 1464 1064 1465 1164 1466 1467 1468 
821: 822 141 
822: 821 3944 2253 141 
823: 824 825 826 827 
824: 823 1306 2404 
825: 823 
826: 823 1120 1319 937 1749 1014 858 2144 2603 418 1011 124 874 3757 3765 2147 1474 511 408 827 
827: 823 1397 1398 826 3901 3937 
828: 129 
829: 820 
830: 831 492 
831: 830 539 1722 2991 941 492 
832: 833 98 834 
833: 832 98 
834: 832 3661 98 
835: 204 195 119 2856 
836: 204 201 207 2590 
837: 143 
838: 839 
839: 838 76 2158 3189 3907 
840: 841 600 
841: 840 1167 1168 411 1169 
842: 843 
843: 842 1282 1284 3323 336 3419 
844: 64 
845: 25 648 
846: 165 
847: 221 
848: 661 
849: 850 851 445 852 
850: 849 1262 445 
851: 849 1670 1671 133 
852: 849 3918 141 
853: 73 
854: 698 
855: 856 
856: 855 1182 1082 3553 3613 1004 3364 
857: 858 
858: 857 1380 937 1672 2060 1381 1673 826 2061 2062 1674 1675 1382 
859: 860 861 309 
860: 859 94 
861: 859 444 2734 2735 
862: 863 864 386 388 
863: 862 223 1001 
864: 862 1208 
865: 866 
866: 865 1426 1728 264 2100 1729 2101 2102 2103 2104 2105 2106 2107 2108 2109 2110 2111 2112 2113 2114 1623 2115 2116 
867: 119 
868: 429 430 1600 432 871 1888 872 1615 
869: 429 430 
870: 429 893 894 895 2829 2830 896 336 172 3619 1590 2831 
871: 429 430 868 1883 
872: 429 1147 868 1602 1604 1590 492 
873: 874 
874: 873 2706 2453 3389 3595 3596 826 3597 
875: 430 876 
876: 875 430 
877: 687 
878: 879 880 881 882 139 
879: 878 3520 139 
880: 878 94 881 
881: 878 1696 880 94 1001 
882: 878 1093 410 613 659 1671 119 2403 3582 
883: 884 885 141 
884: 883 1178 141 
885: 883 141 
886: 887 888 
887: 886 2264 888 
888: 886 1085 887 2702 2985 2264 3433 401 3654 2281 3767 3810 93 3811 3812 3813 3601 3814 2530 3815 3816 3817 3818 3819 3820 3821 
889: 890 
890: 889 1069 1070 336 1071 1072 1073 1074 1075 1076 1077 
891: 610 892 
892: 891 169 
893: 894 895 896 870 
894: 893 870 
895: 893 235 870 1590 522 
896: 893 236 1604 870 239 
897: 610 
898: 899 336 900 
899: 898 2628 
900: 898 
901: 902 903 
902: 901 903 
903: 901 902 1285 2673 1286 3008 1287 1288 2775 1289 2848 3107 
904: 905 906 
905: 904 492 
906: 904 2513 64 401 2582 3688 
907: 110 
908: 10 909 
909: 908 10 385 
910: 538 911 
911: 910 2284 538 
912: 913 914 445 
913: 912 2045 2701 264 914 2703 445 2704 2705 
914: 912 2701 913 
915: 916 917 918 
916: 915 411 
917: 915 918 
918: 915 2608 326 2151 917 
919: 920 
920: 919 1583 1754 2538 3077 3289 1755 1756 3723 3780 3840 3461 3841 1757 3842 3843 3844 
921: 922 
922: 921 1919 1920 1379 1921 1922 
923: 364 10 924 925 152 926 927 928 16 238 929 930 
924: 923 925 249 519 926 1967 927 16 1890 1180 1968 
925: 923 924 16 492 
926: 923 685 924 16 1890 
927: 923 924 152 2908 
928: 923 2323 391 1589 
929: 923 169 2443 
930: 923 10 413 1307 3019 1174 1643 1176 83 238 2490 17 1900 
931: 336 
932: 813 
933: 64 
934: 249 935 
935: 934 249 
936: 937 
937: 936 858 826 1616 
938: 439 
939: 538 368 940 941 
940: 939 538 
941: 939 831 492 
942: 732 25 
943: 732 1065 1046 944 945 
944: 732 1045 1065 1046 943 2625 3349 1082 1066 3490 2686 3646 3647 3491 945 1992 3648 2757 
945: 732 1045 1065 1046 943 944 
946: 947 
947: 946 2011 2012 491 2013 2014 2015 2016 2017 
948: 193 
949: 950 215 
950: 949 215 
951: 698 
952: 698 953 964 
953: 698 952 
954: 698 1774 
955: 698 1588 
956: 698 965 
957: 698 
958: 698 
959: 698 
960: 698 368 2121 242 3052 
961: 698 
962: 698 
963: 698 969 
964: 698 952 
965: 698 956 
966: 698 
967: 698 
968: 698 
969: 698 963 
970: 698 
971: 698 1313 
972: 698 
973: 789 
974: 505 
975: 610 
976: 201 
977: 201 
978: 201 205 987 206 1000 
979: 201 2013 
980: 201 993 
981: 201 
982: 201 
983: 201 208 
984: 201 
985: 201 
986: 201 992 998 
987: 201 978 208 
988: 201 
989: 201 685 2399 1786 3346 
990: 201 
991: 201 
992: 201 986 998 
993: 201 1068 2909 980 336 3512 
994: 201 1989 83 
995: 201 3513 
996: 201 658 
997: 201 
998: 201 986 992 
999: 201 
1000: 201 978 
1001: 195 863 3283 119 221 881 
1002: 445 
1003: 1004 1005 
1004: 1003 1182 1082 3553 856 1005 3853 3854 3364 
1005: 1003 3553 1004 
1006: 1007 1008 
1007: 1006 1101 1810 1811 1812 1813 326 1814 1815 1816 1008 1817 
1008: 1006 1007 
1009: 430 
1010: 1011 421 
1011: 1010 2049 2440 2616 2996 2211 3012 3013 2441 3014 3015 3016 826 511 3017 
1012: 1013 64 
1013: 1012 2452 64 2453 
1014: 505 738 1568 1762 1993 499 1476 401 91 469 1994 1104 826 1019 1995 1087 56 1996 1403 
1015: 505 1109 1213 71 91 2551 2552 
1016: 505 1799 373 416 2437 591 181 91 1960 587 
1017: 505 2360 91 1019 
1018: 505 1361 1362 2189 2257 3191 3873 
1019: 505 1014 91 1171 2987 1017 2089 
1020: 64 
1021: 1022 143 
1022: 1021 143 
1023: 1024 1025 411 
1024: 1023 1301 
1025: 1023 151 152 338 2816 2924 
1026: 197 
1027: 623 
1028: 146 1982 3067 20 1029 
1029: 146 2448 1028 20 
1030: 73 
1031: 223 1032 
1032: 1031 223 2637 2639 2642 
1033: 1034 1035 
1034: 1033 1035 
1035: 1033 1034 3413 2317 
1036: 10 
1037: 1038 1039 439 
1038: 1037 1205 1039 1206 439 
1039: 1037 1038 1367 1205 1371 439 
1040: 1041 
1041: 1040 2083 557 2084 2085 1104 1918 2086 1179 2087 
1042: 96 
1043: 1044 439 
1044: 1043 3001 
1045: 1046 944 945 
1046: 1045 1065 943 944 945 1992 
1047: 1048 1049 
1048: 1047 1049 
1049: 1047 1048 499 2305 2306 2307 1489 2098 
1050: 1051 1052 492 
1051: 1050 1187 625 3495 1415 1395 2355 2093 492 1988 
1052: 1050 492 
1053: 1054 119 
1054: 1053 2352 2353 411 
1055: 1056 1057 1058 
1056: 1055 1937 1057 
1057: 1055 1409 1937 1056 3411 1938 767 3625 1411 1939 1058 1360 
1058: 1055 1937 1057 
1059: 405 406 
1060: 1061 1062 623 1063 1064 
1061: 1060 623 1063 
1062: 1060 419 623 421 
1063: 1060 1061 623 
1064: 1060 820 
1065: 1046 943 1066 944 945 
1066: 1065 944 
1067: 126 
1068: 993 
1069: 890 
1070: 890 
1071: 890 
1072: 890 
1073: 890 
1074: 890 497 
1075: 890 
1076: 890 
1077: 890 
1078: 1079 
1079: 1078 1341 2927 2351 2928 2929 2930 2931 2932 1360 
1080: 1081 1082 1083 1084 
1081: 1080 
1082: 1080 2700 1208 1144 3077 3361 1370 856 944 1004 3362 3363 2065 1627 558 3364 439 
1083: 1080 
1084: 1080 
1085: 888 
1086: 91 1087 
1087: 1086 1273 1014 2542 91 218 2722 2543 138 558 3709 
1088: 20 
1089: 1090 61 
1090: 1089 565 1265 61 
1091: 1092 73 
1092: 1091 391 3231 
1093: 1094 1095 882 
1094: 1093 1762 
1095: 1093 1966 143 2508 
1096: 1097 1098 
1097: 1096 1098 
1098: 1096 1097 2320 1544 
1099: 98 
1100: 758 
1101: 1007 
1102: 178 1103 1104 1105 1106 1107 
1103: 1102 
1104: 1102 44 1014 1041 178 581 707 98 1107 61 46 359 101 
1105: 1102 178 
1106: 1102 178 1107 
1107: 1102 2319 2561 3531 1104 3532 1106 3924 3838 
1108: 221 
1109: 1015 1110 
1110: 1109 
1111: 1112 727 
1112: 1111 727 
1113: 1114 1115 1116 1117 497 
1114: 1113 1725 152 3385 608 2925 
1115: 1113 1116 497 
1116: 1113 613 1115 371 1900 1117 492 
1117: 1113 1116 497 
1118: 1119 
1119: 1118 1216 1946 1217 2414 2474 2659 2790 2791 336 2792 2793 2794 1218 2078 2795 2796 585 2797 2192 2712 
1120: 418 1121 1122 1123 1124 1125 1126 1127 826 1128 1129 
1121: 1120 418 1122 1126 
1122: 1120 418 1121 1126 
1123: 1120 
1124: 1120 
1125: 1120 
1126: 1120 418 1121 1122 
1127: 1120 3897 
1128: 1120 2984 
1129: 1120 
1130: 587 
1131: 178 
1132: 687 
1133: 687 
1134: 687 2209 2941 1135 3474 
1135: 687 376 1134 218 197 
1136: 687 
1137: 687 
1138: 687 1140 
1139: 687 
1140: 687 1138 
1141: 687 
1142: 687 1894 
1143: 1144 
1144: 1143 1316 1082 2997 
1145: 815 
1146: 1147 1148 492 
1147: 1146 1178 1722 431 1180 872 1723 175 492 320 
1148: 1146 538 
1149: 1150 1151 
1150: 1149 1151 2218 2219 1379 2220 2221 
1151: 1149 1150 
1152: 90 
1153: 1154 326 
1154: 1153 
1155: 556 1156 1157 1158 1159 1160 1161 
1156: 1155 556 1159 
1157: 1155 556 
1158: 1155 556 1159 1160 
1159: 1155 556 1156 1158 1160 
1160: 1155 556 1158 1159 1161 
1161: 1155 556 1160 
1162: 820 1163 1164 
1163: 1162 232 126 3509 1591 
1164: 1162 820 
1165: 199 1166 
1166: 1165 199 3554 
1167: 841 3627 3007 
1168: 841 410 1423 411 
1169: 841 411 
1170: 1171 
1171: 1170 364 1193 1294 1584 1194 2723 2785 2824 1256 3061 3066 3188 3226 3519 3520 3521 3346 3522 3523 3524 1195 3525 1019 3526 3527 3528 
1172: 75 
1173: 364 10 413 2298 238 1315 
1174: 364 232 10 1307 238 370 17 3183 1189 930 
1175: 364 554 196 
1176: 364 365 10 539 1318 1430 1643 1590 1187 238 17 1900 930 
1177: 364 1196 10 1867 2310 
1178: 884 1147 278 1179 1180 1181 492 
1179: 1178 1041 1671 
1180: 1178 430 1147 924 368 1639 184 3193 653 1590 16 3581 1901 
1181: 1178 1301 2279 343 3103 1298 2124 816 
1182: 856 1004 
1183: 10 625 238 
1184: 365 10 2347 175 2348 
1185: 365 10 1587 238 370 1189 1190 
1186: 365 10 1307 1861 1537 238 1189 1902 
1187: 365 1392 1548 1828 539 1430 1051 1176 1415 2355 2093 492 
1188: 365 10 3157 
1189: 365 232 1821 1307 520 3157 1174 1185 521 1186 238 492 1904 
1190: 365 1558 232 10 368 1588 1856 2957 1185 521 1590 238 3715 2765 1910 
1191: 1192 441 
1192: 1191 10 
1193: 1194 1171 1195 
1194: 1193 1588 2660 1171 1195 
1195: 1193 1194 2824 3158 1171 
1196: 1197 10 1198 1199 1200 173 1177 
1197: 1196 118 1305 1306 661 
1198: 1196 10 
1199: 1196 1776 10 3436 
1200: 1196 614 1970 3263 411 
1201: 600 
1202: 1203 1204 
1203: 1202 1272 2952 2953 2954 2955 
1204: 1202 557 
1205: 1038 1367 1744 2560 1745 1039 438 1748 439 
1206: 1038 1367 1369 1371 1372 439 
1207: 1208 
1208: 1207 2222 2613 864 2834 1082 2835 2836 2837 2838 2839 
1209: 357 359 1210 
1210: 1209 193 3877 
1211: 10 
1212: 416 
1213: 1015 1214 1215 
1214: 1213 
1215: 1213 
1216: 1217 1119 1218 
1217: 1216 1119 1218 2078 
1218: 1216 1217 1119 2732 2192 
1219: 1220 
1220: 1219 2067 2091 596 2632 2068 56 
1221: 169 
1222: 169 1441 
1223: 169 
1224: 169 
1225: 169 
1226: 169 
1227: 169 
1228: 169 
1229: 169 
1230: 169 
1231: 169 249 
1232: 169 473 
1233: 169 2402 
1234: 169 
1235: 169 
1236: 169 
1237: 169 1302 
1238: 169 
1239: 169 
1240: 169 1302 2848 
1241: 169 
1242: 169 
1243: 169 
1244: 169 
1245: 169 
1246: 169 
1247: 169 
1248: 169 
1249: 169 
1250: 1251 1252 1253 
1251: 1250 2069 1252 2070 2071 2072 758 2028 1253 
1252: 1250 1251 1253 
1253: 1250 1251 1252 
1254: 366 199 
1255: 193 1256 1257 
1256: 1255 1171 
1257: 1255 193 1699 
1258: 124 1259 
1259: 1258 124 3041 
1260: 10 1261 388 
1261: 1260 10 2743 14 1880 
1262: 850 445 
1263: 323 
1264: 1265 1266 61 
1265: 1264 3033 1266 1090 1936 61 
1266: 1264 45 1265 3033 61 
1267: 1268 98 
1268: 1267 3058 3059 98 3060 
1269: 1270 165 
1270: 1269 1441 3406 83 165 
1271: 323 
1272: 1273 1274 1275 1203 1276 441 1277 
1273: 1272 1274 1378 1379 1087 
1274: 1272 1273 1379 2302 773 2303 2304 1975 
1275: 1272 
1276: 1272 2954 
1277: 1272 3783 
1278: 249 
1279: 448 1280 
1280: 1279 448 
1281: 406 
1282: 1283 1284 843 
1283: 1282 1347 
1284: 1282 843 
1285: 1286 1287 903 1288 1289 
1286: 1285 903 1288 1289 2848 
1287: 1285 2673 903 
1288: 1285 1286 3008 903 1289 3107 
1289: 1285 1286 903 1288 2848 3107 
1290: 61 
1291: 1292 813 
1292: 1291 2039 813 448 449 
1293: 106 
1294: 1171 
1295: 1296 1297 1298 197 
1296: 1295 1579 73 
1297: 1295 682 1946 
1298: 1295 2063 2064 3456 1181 3457 2065 
1299: 143 
1300: 1301 1302 
1301: 1300 1507 1508 1024 1509 1510 1476 1511 1512 1513 1514 1515 1516 1517 1518 1519 1520 1181 1521 
1302: 1300 1237 1240 2051 59 
1303: 1304 
1304: 1303 1678 2699 2071 1715 
1305: 1197 1553 
1306: 1197 824 3514 388 
1307: 183 232 1174 2346 1308 184 2787 14 1186 1309 17 1189 492 1904 930 
1308: 183 1307 1309 20 
1309: 183 1307 1308 184 14 2351 237 3427 18 239 1592 2861 20 175 
1310: 183 12 2799 234 236 1982 237 20 190 2866 
1311: 1312 
1312: 1311 1379 
1313: 1314 1315 971 
1314: 1313 1762 1765 1766 3227 1532 39 1771 
1315: 1313 1625 1173 129 
1316: 1144 
1317: 10 1318 
1318: 1317 10 2608 1838 753 1176 1900 
1319: 1320 1321 1322 1323 1324 826 1325 1326 1327 1328 1329 
1320: 1319 
1321: 1319 
1322: 1319 
1323: 1319 
1324: 1319 
1325: 1319 
1326: 1319 
1327: 1319 317 246 2092 
1328: 1319 
1329: 1319 
1330: 538 
1331: 1332 556 
1332: 1331 556 
1333: 75 
1334: 75 
1335: 75 
1336: 75 
1337: 75 
1338: 75 
1339: 75 
1340: 75 
1341: 1079 
1342: 590 1343 591 1344 1345 
1343: 1342 1797 2140 590 591 1344 3080 1345 
1344: 1342 1485 590 1343 591 1487 1345 
1345: 1342 1485 1797 1343 591 1344 
1346: 343 110 
1347: 1348 1349 1283 1350 
1348: 1347 
1349: 1347 558 
1350: 1347 
1351: 1352 
1352: 1351 2850 2851 2852 2853 1544 
1353: 1354 111 
1354: 1353 401 
1355: 1356 1357 1358 1359 1360 
1356: 1355 1483 
1357: 1355 1470 1483 1720 1471 2789 1472 3833 3865 3878 1484 1360 
1358: 1355 
1359: 1355 
1360: 1355 1079 3165 767 3777 2722 1357 1057 406 
1361: 1362 1018 
1362: 1361 1018 
1363: 613 1364 1365 
1364: 1363 1638 625 1365 
1365: 1363 76 2282 1393 2418 613 2755 2784 215 2933 2756 3022 3603 1364 625 3919 
1366: 10 
1367: 1368 1369 1205 1370 1039 1371 1372 1206 439 
1368: 1367 1541 1542 1543 1544 1545 1546 
1369: 1367 2379 2380 1371 2381 2382 2383 2384 1206 
1370: 1367 1082 3592 1627 3593 
1371: 1367 1369 1039 1206 439 
1372: 1367 1206 439 
1373: 1374 98 
1374: 1373 98 2199 
1375: 1376 753 661 
1376: 1375 1566 10 2402 2098 
1377: 110 
1378: 1273 2219 3164 22 1379 
1379: 1273 922 1150 1274 1378 1312 1782 2304 
1380: 858 1381 1382 
1381: 1380 858 
1382: 1380 1672 858 1673 1675 
1383: 10 
1384: 430 
1385: 549 1386 299 
1386: 1385 549 2713 3128 3129 56 3130 
1387: 1388 1389 
1388: 1387 2129 1730 3760 3787 1996 1389 
1389: 1387 1388 
1390: 391 
1391: 377 
1392: 232 246 1393 11 1187 625 173 34 1394 1395 492 
1393: 1392 1833 1365 
1394: 1392 492 
1395: 1392 246 416 11 1639 2288 234 1051 1875 2809 173 1415 2289 
1396: 802 
1397: 1398 827 
1398: 1397 3901 827 
1399: 738 
1400: 1401 727 
1401: 1400 727 2565 2569 728 
1402: 1403 
1403: 1402 1469 690 1014 1661 3462 91 2940 362 
1404: 1405 623 1406 1407 
1405: 1404 1743 264 1406 
1406: 1404 1405 
1407: 1404 2780 2781 623 3543 
1408: 10 
1409: 1410 767 1411 1057 
1410: 1409 767 1411 
1411: 1409 1410 763 765 767 1057 
1412: 232 530 1413 126 521 1414 1415 175 1416 522 
1413: 1412 232 530 126 521 1414 1589 1590 1415 175 1416 
1414: 1412 1638 10 1413 368 1639 2350 186 2352 661 1415 
1415: 1412 1413 1639 1051 1414 1187 1395 175 492 1594 1905 
1416: 1412 232 2163 1413 520 3132 1856 1592 2563 3954 
1417: 511 408 
1418: 143 
1419: 1420 581 
1420: 1419 178 580 581 582 
1421: 1422 1423 1424 
1422: 1421 10 
1423: 1421 1645 1972 2202 2526 2813 264 3076 2527 1168 3545 3071 3546 1647 3547 
1424: 1421 3099 
1425: 661 
1426: 866 
1427: 1428 1429 1430 1431 1432 1433 1434 661 1435 1436 1437 
1428: 1427 661 1437 
1429: 1427 1677 2350 2990 661 
1430: 1427 539 1187 1176 661 
1431: 1427 1433 661 1435 3201 
1432: 1427 368 238 661 
1433: 1427 171 1431 661 1435 1437 
1434: 1427 2874 661 3761 1435 1436 1593 
1435: 1427 2292 1431 3375 1433 454 1434 661 450 451 
1436: 1427 1434 661 
1437: 1427 1428 1433 661 
1438: 309 1439 
1439: 1438 309 
1440: 606 
1441: 1222 1442 1270 6 1443 
1442: 1441 1998 2153 
1443: 1441 119 
1444: 1445 
1445: 1444 1736 1999 2000 1737 2547 2548 2549 401 2550 1738 
1446: 738 2456 2457 2458 2459 2460 
1447: 738 
1448: 738 1477 1478 2629 2869 3429 2870 2376 3430 2871 3431 
1449: 738 2782 3313 
1450: 738 2259 
1451: 820 
1452: 820 1453 
1453: 820 1452 1464 
1454: 820 3053 
1455: 820 1466 
1456: 820 1466 
1457: 820 
1458: 820 
1459: 820 1464 
1460: 820 
1461: 820 
1462: 820 570 
1463: 820 
1464: 820 1453 1459 
1465: 820 
1466: 820 1455 1456 1788 
1467: 820 
1468: 820 
1469: 1403 
1470: 1471 1472 1357 
1471: 1470 1472 1357 1484 
1472: 1470 1471 1357 1484 
1473: 1474 
1474: 1473 2993 3478 3757 3824 3857 3387 826 3923 
1475: 1476 
1476: 1475 1301 1534 1014 1629 2309 345 1734 2553 126 2554 1740 813 33 526 2555 492 497 
1477: 1478 1448 
1478: 1477 1448 
1479: 101 
1480: 98 
1481: 1482 
1482: 1481 1490 1491 2615 3360 
1483: 1356 1357 1484 
1484: 1483 1471 1472 1357 
1485: 1486 591 1487 1344 1345 
1486: 1485 591 
1487: 1485 590 591 1344 
1488: 1489 165 
1489: 1488 2228 1049 
1490: 1491 1492 1482 
1491: 1490 1482 2517 558 
1492: 1490 
1493: 682 
1494: 682 
1495: 682 3089 
1496: 682 
1497: 682 
1498: 682 
1499: 682 
1500: 682 
1501: 682 753 
1502: 682 
1503: 682 
1504: 682 
1505: 682 
1506: 682 683 
1507: 1301 
1508: 1301 1516 
1509: 1301 1515 
1510: 1301 1515 
1511: 1301 2713 
1512: 1301 1668 1517 1519 3265 
1513: 1301 
1514: 1301 1706 
1515: 1301 1509 1510 
1516: 1301 1508 
1517: 1301 1512 3825 
1518: 1301 
1519: 1301 1512 
1520: 1301 2346 
1521: 1301 
1522: 48 49 1523 1524 1525 1526 1527 1528 1529 53 1530 
1523: 1522 49 1529 56 1530 
1524: 1522 48 49 1525 1526 1527 1529 53 54 1530 
1525: 1522 48 49 2400 1524 1526 3269 1528 1529 53 1530 
1526: 1522 49 2400 1524 1525 1527 1528 1529 53 54 1530 
1527: 1522 48 1524 1526 1529 53 1530 
1528: 1522 48 49 1525 1526 3269 1529 1530 
1529: 1522 48 49 1523 1524 50 1525 3047 1526 1527 1528 53 1530 
1530: 1522 48 49 1523 1524 1525 1526 1527 1528 1529 53 
1531: 1532 1533 
1532: 1531 1762 553 2911 1766 1767 1314 3507 554 39 1768 3508 1771 1772 1533 
1533: 1531 1532 3507 
1534: 1535 1476 1536 1537 1538 
1535: 1534 
1536: 1534 2763 2764 1890 2765 
1537: 1534 653 1186 1905 
1538: 1534 
1539: 1540 
1540: 1539 76 2179 2556 2557 2558 2559 
1541: 1368 
1542: 1368 1546 
1543: 1368 
1544: 1368 2444 1352 2667 709 1098 2447 558 
1545: 1368 
1546: 1368 1542 
1547: 10 1548 11 1549 1550 
1548: 1547 10 1821 11 1850 1549 1187 
1549: 1547 10 1548 11 1550 
1550: 1547 10 246 247 1549 
1551: 411 
1552: 1553 
1553: 1552 1802 76 2180 2935 2936 1305 2937 1804 2938 
1554: 538 
1555: 2 3 
1556: 10 
1557: 707 
1558: 232 10 246 1190 
1559: 136 
1560: 1561 1562 264 1563 1564 1565 
1561: 1560 1565 
1562: 1560 
1563: 1560 1564 
1564: 1560 1563 
1565: 1560 1915 1983 2025 2026 1709 2509 1561 264 3031 3109 3205 2161 3438 3598 2162 3682 1916 3746 3766 1917 3791 3599 1984 3846 3735 3914 3935 3032 3936 3683 3206 
1566: 1376 119 
1567: 124 
1568: 1569 1014 
1569: 1568 
1570: 1571 492 1572 
1571: 1570 492 
1572: 1570 232 10 2075 530 2076 3157 625 238 175 2093 
1573: 25 
1574: 193 
1575: 809 1576 
1576: 1575 809 
1577: 1578 1579 
1578: 1577 2260 2605 3388 812 3552 3486 2261 2092 1646 3747 3748 2017 
1579: 1577 1296 1586 3365 73 
1580: 445 
1581: 178 
1582: 590 591 
1583: 920 
1584: 1171 
1585: 232 1588 197 2152 
1586: 232 10 238 1579 
1587: 232 10 11 1588 1856 1185 14 238 1900 
1588: 232 10 955 1585 1194 1587 1856 521 14 2482 1590 187 173 238 17 1593 1190 
1589: 232 1413 11 2323 12 247 2554 521 928 187 175 522 
1590: 232 1413 895 1588 653 870 1176 187 2352 433 1180 872 175 3105 1190 
1591: 232 2315 1163 20 
1592: 232 171 530 2980 520 184 235 236 186 187 2352 3427 238 661 2353 1309 34 18 239 175 1904 1416 523 
1593: 232 416 2323 1588 521 1434 661 3947 
1594: 232 126 144 3420 187 238 1415 448 175 1901 
1595: 1596 1597 
1596: 1595 600 2951 2722 3955 3957 
1597: 1595 
1598: 430 1607 
1599: 430 
1600: 430 868 432 
1601: 430 
1602: 430 872 
1603: 430 
1604: 430 896 872 
1605: 430 
1606: 430 
1607: 430 1598 
1608: 430 
1609: 430 
1610: 430 
1611: 430 
1612: 430 
1613: 430 
1614: 430 
1615: 430 868 
1616: 937 
1617: 221 
1618: 1619 303 
1619: 1618 2038 2039 2040 2041 2042 2043 
1620: 623 
1621: 1622 1623 
1622: 1621 1623 
1623: 1621 1728 866 1622 2842 264 3614 1731 3615 1732 
1624: 307 
1625: 10 1315 
1626: 1627 
1627: 1626 2715 3212 1082 1370 3213 3874 
1628: 1629 1630 
1629: 1628 2035 2119 2120 1476 2121 2122 2123 2124 1630 2125 2036 2126 2127 2128 127 
1630: 1628 1629 2121 
1631: 758 
1632: 20 1633 
1633: 1632 20 
1634: 1635 
1635: 1634 401 
1636: 401 
1637: 143 
1638: 416 368 1639 1414 1364 173 238 
1639: 1638 416 2322 368 1854 2288 1414 2328 173 2329 1415 1180 1395 1905 2289 2757 
1640: 411 
1641: 249 
1642: 10 1643 
1643: 1642 10 3157 1856 3509 2886 1176 2205 238 3229 930 
1644: 610 
1645: 1423 1646 1647 
1646: 1645 1578 
1647: 1645 2813 1423 
1648: 10 1649 235 1650 
1649: 1648 10 17 
1650: 1648 10 3793 3229 3194 
1651: 1652 98 
1652: 1651 2198 2335 581 98 
1653: 64 
1654: 773 
1655: 10 
1656: 1657 
1657: 1656 1993 2369 2370 
1658: 133 
1659: 690 691 
1660: 690 
1661: 690 2525 2939 2940 1403 
1662: 690 
1663: 690 2 
1664: 815 
1665: 1666 110 
1666: 1665 110 
1667: 1668 1669 197 
1668: 1667 1512 33 
1669: 1667 197 
1670: 851 2959 2960 
1671: 851 1179 411 3318 882 
1672: 858 1673 1674 1675 1382 
1673: 1672 858 1674 1382 
1674: 1672 858 1673 
1675: 1672 858 1382 
1676: 1677 129 
1677: 1676 2505 1429 143 2298 2451 2508 
1678: 1304 
1679: 193 1699 
1680: 193 
1681: 193 
1682: 193 1684 
1683: 193 
1684: 193 1682 
1685: 193 2908 
1686: 193 275 59 
1687: 193 
1688: 193 
1689: 193 
1690: 193 
1691: 193 
1692: 193 
1693: 193 
1694: 193 
1695: 193 
1696: 193 881 
1697: 193 1852 
1698: 193 2712 
1699: 193 1679 1257 
1700: 193 
1701: 193 
1702: 1703 508 1704 1705 1706 
1703: 1702 143 2159 
1704: 1702 508 2136 3745 
1705: 1702 171 508 1908 
1706: 1702 2191 143 1514 753 
1707: 178 
1708: 10 1709 
1709: 1708 1565 
1710: 1711 1712 713 
1711: 1710 713 3534 
1712: 1710 713 714 
1713: 1714 391 1715 1716 
1714: 1713 391 
1715: 1713 1304 
1716: 1713 391 394 395 
1717: 815 513 
1718: 251 1719 
1719: 1718 251 
1720: 1357 
1721: 623 
1722: 1147 2818 2991 831 2310 2311 492 1904 3105 1988 3106 
1723: 1147 727 3372 
1724: 340 2982 3072 2071 307 3423 3424 341 
1725: 126 1114 1726 
1726: 1725 126 
1727: 322 323 
1728: 866 1729 1730 1731 1623 1732 
1729: 1728 866 
1730: 1728 2102 1388 3614 1731 3615 
1731: 1728 1730 3614 3615 1623 
1732: 1728 3035 1623 
1733: 1734 1735 
1734: 1733 2172 1476 3160 3161 2803 3162 3163 1735 
1735: 1733 1734 2554 3161 
1736: 1445 1737 1738 
1737: 1736 1445 370 
1738: 1736 1445 2548 3464 
1739: 1740 
1740: 1739 1476 3479 
1741: 1742 
1742: 1741 2071 309 2409 2722 
1743: 1405 
1744: 1205 1745 438 1746 1747 1748 439 
1745: 1744 1205 1748 439 
1746: 1744 438 439 
1747: 1744 439 
1748: 1744 1205 2560 1745 438 439 
1749: 1750 1751 1752 826 
1750: 1749 
1751: 1749 
1752: 1749 
1753: 388 
1754: 1755 1756 920 1757 
1755: 1754 1756 920 1757 
1756: 1754 1755 920 3461 1757 
1757: 1754 1755 1756 920 3461 
1758: 10 1759 
1759: 1758 10 1834 2495 
1760: 48 
1761: 408 
1762: 1014 1763 1764 1765 1094 1766 1767 1532 1314 554 39 1768 1769 1770 1771 1772 1773 
1763: 1762 553 39 1772 
1764: 1762 2182 2183 
1765: 1762 1314 
1766: 1762 1532 1314 3125 1770 1771 3126 
1767: 1762 1532 1771 1772 
1768: 1762 1532 39 1771 
1769: 1762 3789 1794 
1770: 1762 1766 3948 1771 
1771: 1762 1766 1767 1532 1314 39 1768 1770 
1772: 1762 1763 1767 1532 
1773: 1762 
1774: 954 10 3480 
1775: 141 
1776: 1199 661 
1777: 223 1778 1779 1780 
1778: 1777 1780 101 
1779: 1777 661 
1780: 1777 1778 101 
1781: 1782 
1782: 1781 2738 1379 3707 
1783: 685 
1784: 685 1788 
1785: 685 
1786: 685 989 
1787: 685 
1788: 685 2412 1784 3419 1466 
1789: 685 
1790: 685 
1791: 685 2399 1795 
1792: 685 
1793: 391 536 1794 1795 
1794: 1793 1769 
1795: 1793 618 1791 
1796: 110 
1797: 590 1343 591 1345 
1798: 217 
1799: 1800 1016 1801 
1800: 1799 
1801: 1799 
1802: 1553 1803 1804 
1803: 1802 2133 
1804: 1802 1553 
1805: 129 
1806: 1807 1808 1809 
1807: 1806 2461 2668 2669 2080 1808 2670 1809 2671 2017 2672 
1808: 1806 1807 3092 2080 1809 
1809: 1806 1807 1808 
1810: 1007 
1811: 1007 
1812: 1007 1814 
1813: 1007 
1814: 1007 1812 
1815: 1007 
1816: 1007 
1817: 1007 
1818: 10 1944 1945 176 
1819: 10 
1820: 10 1985 
1821: 10 1548 15 1189 
1822: 10 2185 2186 
1823: 10 
1824: 10 
1825: 10 
1826: 10 
1827: 10 
1828: 10 1187 625 2355 1908 
1829: 10 
1830: 10 1922 
1831: 10 
1832: 10 
1833: 10 1393 
1834: 10 1759 368 320 
1835: 10 1849 1850 13 
1836: 10 
1837: 10 
1838: 10 1318 247 
1839: 10 238 1900 
1840: 10 
1841: 10 1897 
1842: 10 318 
1843: 10 
1844: 10 1870 20 
1845: 10 
1846: 10 1877 
1847: 10 
1848: 10 
1849: 10 11 1835 1850 13 1876 173 370 1900 176 
1850: 10 1548 1835 1849 13 753 1892 1907 
1851: 10 
1852: 10 1697 
1853: 10 
1854: 10 368 11 1639 
1855: 10 
1856: 10 1587 1588 1643 1416 1190 
1857: 10 368 
1858: 10 
1859: 10 171 
1860: 10 2799 
1861: 10 1186 3470 1903 2925 
1862: 10 760 3481 
1863: 10 
1864: 10 
1865: 10 
1866: 10 1870 
1867: 10 1177 
1868: 10 1882 
1869: 10 2350 661 
1870: 10 1844 1866 1871 3594 3329 1896 
1871: 10 1870 1880 1892 
1872: 10 
1873: 10 
1874: 10 
1875: 10 1395 
1876: 10 1849 
1877: 10 1846 
1878: 10 
1879: 10 
1880: 10 1871 1261 
1881: 10 
1882: 10 1868 
1883: 10 871 
1884: 10 
1885: 10 
1886: 10 
1887: 10 683 753 
1888: 10 868 434 
1889: 10 388 
1890: 10 924 1536 926 16 
1891: 10 
1892: 10 413 1850 1871 3886 
1893: 10 
1894: 10 1900 1142 
1895: 10 
1896: 10 1870 
1897: 10 1841 
1898: 10 368 
1899: 10 
1900: 10 2371 11 1318 1839 1587 1849 3435 753 2886 1176 238 2353 1116 1894 930 
1901: 10 519 144 238 1180 1594 1904 2277 
1902: 10 2371 1186 625 238 1907 
1903: 10 1861 
1904: 10 2075 368 1307 2076 1722 1592 1901 1189 2765 
1905: 10 1639 1537 1415 1909 
1906: 10 2124 
1907: 10 1850 653 1902 
1908: 10 171 1828 2350 753 661 2353 1705 
1909: 10 2660 3290 1905 711 
1910: 10 1190 
1911: 10 
1912: 10 
1913: 10 16 
1914: 10 
1915: 1916 1917 1918 1565 
1916: 1915 2026 3735 1565 
1917: 1915 1565 
1918: 1915 1041 
1919: 922 2327 
1920: 922 
1921: 922 
1922: 922 1830 
1923: 1924 
1924: 1923 76 3027 
1925: 44 2181 
1926: 44 1931 1933 1934 
1927: 44 
1928: 44 
1929: 44 1931 
1930: 44 1933 
1931: 44 1926 45 1929 1934 
1932: 44 1935 
1933: 44 1926 1930 1934 
1934: 44 1926 1931 1933 
1935: 44 1932 
1936: 44 1265 3033 61 
1937: 1056 1938 1939 1057 1058 
1938: 1937 1057 
1939: 1937 1057 
1940: 727 
1941: 727 
1942: 215 
1943: 448 449 
1944: 1818 1945 492 
1945: 1818 1944 492 
1946: 1119 1297 
1947: 373 1948 238 
1948: 1947 373 
1949: 1950 141 
1950: 1949 391 
1951: 110 
1952: 3 
1953: 1954 
1954: 1953 336 3465 
1955: 1956 
1956: 1955 76 2717 
1957: 661 
1958: 129 
1959: 1960 1961 
1960: 1959 181 1016 3764 1961 
1961: 1959 1960 
1962: 115 1963 1964 
1963: 1962 115 
1964: 1962 2224 2225 
1965: 390 2387 391 535 3084 
1966: 178 1095 
1967: 924 129 2897 1968 
1968: 924 2142 129 1967 269 16 2897 
1969: 64 1970 
1970: 1969 64 2350 1200 
1971: 610 
1972: 1423 
1973: 1974 1975 
1974: 1973 1975 
1975: 1973 1274 3439 1974 
1976: 110 
1977: 411 
1978: 1979 
1979: 1978 2173 3219 3310 336 
1980: 1981 1982 237 20 190 
1981: 1980 2799 233 2800 237 2801 20 
1982: 1980 2980 1028 235 236 1310 20 
1983: 1984 1565 
1984: 1983 1565 
1985: 1820 596 94 3816 
1986: 129 
1987: 492 1988 
1988: 1987 1722 1051 2310 3080 492 3105 
1989: 538 994 
1990: 610 
1991: 229 143 3715 
1992: 1046 944 
1993: 1014 1657 2471 2472 2473 382 
1994: 1014 
1995: 1014 91 3576 
1996: 1014 1388 
1997: 76 138 
1998: 76 1442 2411 3384 3788 3831 3832 
1999: 1445 2000 
2000: 1999 1445 
2001: 199 
2002: 610 
2003: 2004 2005 73 
2004: 2003 3629 2005 73 
2005: 2003 2004 3629 73 
2006: 110 2007 2008 2009 2010 
2007: 2006 110 2008 2009 2010 3149 
2008: 2006 110 2007 2787 2009 2010 
2009: 2006 110 2007 2008 2820 2010 3149 
2010: 2006 110 2007 2787 2008 2009 2820 
2011: 947 
2012: 947 3427 33 
2013: 947 2702 979 2908 491 2014 
2014: 947 2908 2013 
2015: 947 
2016: 947 
2017: 947 1807 3099 1578 2722 
2018: 610 
2019: 178 2020 2021 2022 561 2023 2024 
2020: 2019 178 2021 
2021: 2019 178 2020 2022 561 2342 2024 
2022: 2019 178 2021 2023 
2023: 2019 178 2022 
2024: 2019 178 2021 561 2342 
2025: 2026 2027 2028 1565 
2026: 2025 2161 2162 1916 1565 
2027: 2025 2210 2211 
2028: 2025 1251 2070 
2029: 110 2030 
2030: 2029 2292 233 20 2348 
2031: 610 2032 
2032: 2031 610 2599 
2033: 326 
2034: 423 
2035: 1629 2036 
2036: 2035 1629 2119 2124 542 
2037: 511 
2038: 1619 
2039: 1619 1292 
2040: 1619 
2041: 1619 
2042: 1619 2223 2225 
2043: 1619 2223 326 2224 2225 167 138 
2044: 126 
2045: 913 
2046: 661 455 
2047: 499 2048 
2048: 2047 
2049: 1011 
2050: 2051 
2051: 2050 2074 2366 2868 3104 3506 1302 3662 3202 3769 3782 3910 2317 
2052: 25 2053 
2053: 2052 647 25 650 
2054: 2055 2056 54 2057 
2055: 2054 2532 2056 54 2057 
2056: 2054 2532 2055 54 2057 
2057: 2054 2532 2055 2056 54 
2058: 126 
2059: 46 
2060: 858 
2061: 858 
2062: 858 
2063: 2064 1298 2065 
2064: 2063 1298 3455 3456 3457 2065 
2065: 2063 2195 1082 2714 2064 3667 1298 3455 3903 3456 3945 3457 3974 
2066: 727 
2067: 1220 596 2068 
2068: 2067 1220 596 
2069: 1251 
2070: 1251 2028 
2071: 1251 280 251 1724 3415 199 307 1742 758 1304 2722 606 
2072: 1251 
2073: 73 
2074: 2051 
2075: 2076 126 1904 1572 
2076: 2075 530 126 1904 1572 
2077: 215 
2078: 1217 1119 2192 
2079: 2080 2081 411 2082 
2080: 2079 1807 286 1808 
2081: 2079 411 
2082: 2079 20 
2083: 1041 171 
2084: 1041 
2085: 1041 
2086: 1041 
2087: 1041 
2088: 2089 
2089: 2088 1019 
2090: 129 
2091: 1220 
2092: 317 1578 1327 
2093: 317 530 1051 1187 173 492 1572 
2094: 2095 492 
2095: 2094 2860 235 236 2861 20 190 
2096: 2097 2098 
2097: 2096 2117 3064 3257 2506 401 3454 3065 3258 3259 3260 
2098: 2096 1049 2421 1376 
2099: 444 
2100: 866 2101 
2101: 866 2100 2495 
2102: 866 1730 
2103: 866 3479 
2104: 866 
2105: 866 2115 
2106: 866 
2107: 866 2109 
2108: 866 
2109: 866 2107 2115 2116 
2110: 866 2113 
2111: 866 
2112: 866 
2113: 866 2110 
2114: 866 
2115: 866 2105 2109 
2116: 866 2109 
2117: 2097 
2118: 775 423 
2119: 1629 2123 2036 2128 
2120: 1629 
2121: 1629 960 2124 1630 
2122: 1629 127 
2123: 1629 2119 
2124: 1629 115 2121 3192 2036 1181 3091 127 1906 3477 
2125: 1629 
2126: 1629 127 
2127: 1629 
2128: 1629 2119 
2129: 1388 
2130: 237 20 
2131: 110 
2132: 2133 
2133: 2132 2467 499 2514 2544 2675 3167 3190 3664 3749 3800 1803 3586 3011 
2134: 2135 2136 106 
2135: 2134 106 
2136: 2134 411 1704 
2137: 610 11 
2138: 388 
2139: 309 
2140: 1343 591 
2141: 46 
2142: 129 2143 174 1968 
2143: 2142 129 
2144: 2145 2146 2147 826 2148 2149 
2145: 2144 2146 2682 2147 
2146: 2144 2145 
2147: 2144 2145 2721 3428 2682 826 408 2149 
2148: 2144 
2149: 2144 2147 
2150: 2151 
2151: 2150 2375 326 2377 3684 3685 918 2692 3686 
2152: 1585 2554 2796 3155 
2153: 1442 492 
2154: 249 
2155: 249 
2156: 763 764 765 766 767 771 
2157: 587 
2158: 839 
2159: 1703 143 
2160: 411 
2161: 2026 1565 802 
2162: 2026 1565 
2163: 2164 2165 2166 401 2167 2168 2169 2170 2171 1416 
2164: 2163 
2165: 2163 2171 
2166: 2163 2171 
2167: 2163 
2168: 2163 2169 
2169: 2163 2168 2171 
2170: 2163 2171 
2171: 2163 2165 2166 2169 2170 
2172: 1734 
2173: 1979 
2174: 773 
2175: 251 
2176: 2177 2178 406 
2177: 2176 2395 2178 406 
2178: 2176 724 2177 406 
2179: 1540 
2180: 1553 
2181: 1925 581 
2182: 1764 
2183: 1764 
2184: 115 
2185: 1822 221 
2186: 1822 129 
2187: 367 25 
2188: 367 25 448 
2189: 2190 1018 
2190: 2189 382 
2191: 427 596 2192 1706 
2192: 2191 1119 2465 614 1218 2078 
2193: 411 2194 
2194: 2193 411 
2195: 2065 
2196: 122 
2197: 2198 707 2199 
2198: 2197 2828 1652 98 
2199: 2197 1374 98 
2200: 326 2201 
2201: 2200 
2202: 1423 
2203: 711 
2204: 2205 661 2206 299 
2205: 2204 3284 1643 3754 2374 3229 
2206: 2204 661 662 
2207: 2208 
2208: 2207 2301 2651 2652 2653 2654 2655 2656 
2209: 1134 
2210: 2027 264 3353 3354 3355 3356 
2211: 2027 1011 2441 
2212: 2213 2214 606 
2213: 2212 2214 606 
2214: 2212 2213 606 
2215: 94 
2216: 48 2400 2401 37 
2217: 48 
2218: 1150 2221 
2219: 1150 1378 3098 
2220: 1150 
2221: 1150 2218 
2222: 1208 
2223: 2224 2225 2042 2043 
2224: 2223 3401 2225 3402 1964 3403 3404 2043 3405 
2225: 2223 2224 3628 1964 3659 2042 2043 
2226: 122 
2227: 286 448 
2228: 249 1489 
2229: 249 2320 
2230: 249 2239 
2231: 249 
2232: 249 
2233: 249 
2234: 249 2253 
2235: 249 
2236: 249 
2237: 249 
2238: 249 
2239: 249 2230 520 
2240: 249 
2241: 249 
2242: 249 
2243: 249 
2244: 249 
2245: 249 
2246: 249 
2247: 249 
2248: 249 
2249: 249 
2250: 249 
2251: 249 
2252: 249 
2253: 249 2234 3944 822 
2254: 249 
2255: 249 
2256: 54 
2257: 1018 
2258: 2259 3 
2259: 2258 3 1450 
2260: 1578 2261 
2261: 2260 812 1578 
2262: 115 
2263: 119 272 
2264: 887 888 
2265: 373 
2266: 373 
2267: 373 2270 
2268: 373 
2269: 373 
2270: 373 2267 2272 
2271: 373 
2272: 373 2270 
2273: 373 
2274: 373 
2275: 373 463 
2276: 373 
2277: 373 1901 
2278: 373 
2279: 2280 2281 33 1181 
2280: 2279 2472 
2281: 2279 888 
2282: 1365 
2283: 516 2292 3064 660 661 450 2563 451 
2284: 2285 538 911 2286 
2285: 2284 129 
2286: 2284 538 
2287: 610 
2288: 246 416 1639 173 1395 2289 
2289: 246 416 2321 1639 2288 3341 173 1395 2563 371 
2290: 2291 2292 152 
2291: 2290 2310 2311 492 
2292: 2290 171 683 51 2803 660 2804 661 2283 1435 450 451 2805 662 2030 
2293: 2294 508 2295 2296 
2294: 2293 508 
2295: 2293 508 
2296: 2293 508 
2297: 110 
2298: 1173 1677 359 
2299: 141 2300 
2300: 2299 141 
2301: 2208 
2302: 1274 3548 3855 
2303: 1274 3187 
2304: 1274 1379 3216 
2305: 1049 
2306: 1049 
2307: 1049 
2308: 2309 
2309: 2308 1476 
2310: 2291 2818 1722 3417 1177 2311 2563 492 1988 
2311: 2291 1722 2310 2563 492 
2312: 141 
2313: 132 
2314: 2315 33 
2315: 2314 1591 33 
2316: 2317 2318 
2317: 2316 115 221 427 1035 411 2051 138 3913 
2318: 2316 
2319: 1107 
2320: 2229 3113 2988 1098 
2321: 416 2289 
2322: 416 1639 
2323: 416 11 1589 928 1593 
2324: 416 
2325: 416 
2326: 416 
2327: 416 1919 
2328: 416 1639 
2329: 416 1639 
2330: 416 
2331: 416 240 
2332: 416 
2333: 178 98 
2334: 178 2336 2340 
2335: 178 1652 3102 
2336: 178 2334 2338 2340 
2337: 178 
2338: 178 2336 
2339: 178 
2340: 178 2334 2336 
2341: 178 3261 581 3262 
2342: 178 2021 2024 
2343: 178 561 
2344: 178 
2345: 2346 6 
2346: 2345 2685 1307 3263 411 1520 
2347: 1184 129 
2348: 1184 385 388 2030 
2349: 129 
2350: 171 2727 1429 2991 1970 2628 2992 1414 1869 661 2353 1908 
2351: 171 1079 1309 
2352: 171 538 368 1054 1414 1590 3771 2353 1592 
2353: 171 129 2350 1054 3655 3771 2352 661 1592 175 1900 1908 
2354: 171 3677 661 370 
2355: 1828 1051 1187 492 
2356: 223 
2357: 33 
2358: 616 106 
2359: 221 
2360: 2361 91 1017 
2361: 2360 
2362: 2363 2364 2365 
2363: 2362 2365 
2364: 2362 2365 
2365: 2362 2363 326 2364 
2366: 2051 
2367: 64 
2368: 113 
2369: 1657 
2370: 1657 
2371: 2372 2373 126 2374 1900 1902 
2372: 2371 2648 126 
2373: 2371 2466 126 2819 2820 
2374: 2371 126 2205 
2375: 2151 2376 2377 
2376: 2375 1448 
2377: 2375 2151 
2378: 94 
2379: 1369 2380 2381 2382 2383 2384 
2380: 1369 2379 2381 2383 2384 
2381: 1369 2379 2380 2383 2384 
2382: 1369 2379 2383 2384 
2383: 1369 264 2379 2380 2381 2382 2384 
2384: 1369 2379 2380 2381 2382 2383 
2385: 2386 197 
2386: 2385 197 
2387: 1965 391 2388 395 
2388: 2387 391 
2389: 119 
2390: 423 424 
2391: 423 93 
2392: 423 
2393: 423 
2394: 423 
2395: 2177 2396 406 
2396: 2395 406 
2397: 506 
2398: 143 
2399: 989 448 1791 
2400: 2216 49 1525 1526 53 37 
2401: 2216 37 
2402: 1376 1233 119 2403 2404 
2403: 2402 152 3669 2836 882 
2404: 2402 824 2553 3721 
2405: 2406 2407 2408 2409 2410 
2406: 2405 2408 2409 
2407: 2405 2409 
2408: 2405 2406 2409 606 2410 
2409: 2405 2406 2407 1742 2408 2410 
2410: 2405 2408 2409 
2411: 1998 
2412: 1788 813 
2413: 727 
2414: 1119 
2415: 2416 2417 497 
2416: 2415 129 
2417: 2415 497 
2418: 625 1365 
2419: 2 3 
2420: 815 2786 513 
2421: 815 2428 816 2434 2098 
2422: 815 2428 
2423: 815 2432 
2424: 815 816 
2425: 815 
2426: 815 
2427: 815 
2428: 815 2421 2422 
2429: 815 
2430: 815 
2431: 815 
2432: 815 2423 
2433: 815 
2434: 815 2421 119 
2435: 2436 2437 2438 2439 
2436: 2435 2437 2438 2439 
2437: 2435 2436 2438 2439 1016 3018 
2438: 2435 2436 2437 2439 
2439: 2435 2436 2437 2438 
2440: 1011 2441 
2441: 2440 2996 1011 2211 3012 
2442: 587 
2443: 119 929 
2444: 2445 2446 1544 2447 
2445: 2444 
2446: 2444 
2447: 2444 1544 
2448: 106 1029 
2449: 143 2450 2451 
2450: 2449 2514 143 2516 
2451: 2449 2505 1677 2506 143 2508 
2452: 1013 223 
2453: 1013 64 874 
2454: 143 
2455: 243 
2456: 1446 
2457: 1446 
2458: 1446 
2459: 1446 
2460: 1446 
2461: 1807 
2462: 2463 3 2464 
2463: 2462 2634 3 
2464: 2462 3 
2465: 530 126 370 2192 
2466: 530 2373 126 
2467: 2133 
2468: 499 
2469: 2470 
2470: 2469 401 
2471: 1993 
2472: 1993 3277 3278 2280 2473 238 3279 3280 
2473: 1993 2472 3337 3796 
2474: 1119 
2475: 511 
2476: 497 
2477: 538 
2478: 538 
2479: 538 
2480: 538 630 
2481: 538 
2482: 538 1588 
2483: 538 
2484: 538 630 
2485: 538 
2486: 538 
2487: 538 
2488: 538 
2489: 538 
2490: 538 2496 930 
2491: 538 
2492: 538 
2493: 538 
2494: 538 3153 
2495: 538 1759 2101 
2496: 538 2490 
2497: 538 
2498: 538 
2499: 538 
2500: 538 
2501: 538 
2502: 122 
2503: 143 
2504: 141 
2505: 1677 2506 143 2507 2451 369 753 2508 
2506: 2505 2097 2451 3259 3260 
2507: 2505 143 
2508: 2505 1677 143 2451 369 3082 3304 1095 
2509: 1565 
2510: 388 
2511: 101 
2512: 22 
2513: 906 
2514: 2515 2450 2516 2133 
2515: 2514 491 411 338 
2516: 2514 143 2450 
2517: 1491 2812 
2518: 642 554 
2519: 2520 98 
2520: 2519 3763 98 
2521: 557 
2522: 33 
2523: 2524 
2524: 2523 3028 401 
2525: 1661 
2526: 2527 1423 
2527: 2526 3076 1423 
2528: 307 2529 769 770 
2529: 2528 307 3556 768 769 770 3560 3358 3564 
2530: 519 888 
2531: 506 
2532: 2055 2056 54 2057 
2533: 2534 411 
2534: 2533 563 411 
2535: 25 
2536: 197 
2537: 33 
2538: 920 
2539: 2540 616 
2540: 2539 616 
2541: 98 
2542: 218 1087 2543 
2543: 2542 720 3049 218 1087 3708 3709 
2544: 2133 
2545: 6 
2546: 388 
2547: 1445 
2548: 1445 1738 
2549: 1445 3127 
2550: 1445 
2551: 1015 
2552: 1015 3961 
2553: 1476 2769 2404 
2554: 1476 3154 2819 1589 3446 3447 523 2152 1735 3155 
2555: 1476 2614 3445 3705 3736 
2556: 1540 
2557: 1540 
2558: 1540 
2559: 1540 
2560: 1205 438 1748 439 
2561: 1107 
2562: 33 
2563: 368 51 2991 2283 2310 2311 492 1416 2289 
2564: 727 2565 2566 2567 2568 2569 
2565: 2564 1401 727 2569 728 
2566: 2564 727 
2567: 2564 727 
2568: 2564 727 3373 
2569: 2564 1401 727 2565 728 
2570: 610 
2571: 610 
2572: 610 
2573: 610 
2574: 610 
2575: 610 
2576: 610 
2577: 610 
2578: 610 
2579: 610 2623 
2580: 610 
2581: 610 
2582: 610 3204 401 906 3265 577 
2583: 610 
2584: 610 
2585: 610 755 2599 
2586: 610 
2587: 610 
2588: 610 
2589: 610 
2590: 610 836 
2591: 610 
2592: 610 
2593: 610 
2594: 610 
2595: 610 2598 
2596: 610 
2597: 610 
2598: 610 2595 
2599: 610 755 2032 2585 
2600: 610 
2601: 197 2602 
2602: 2601 33 3481 
2603: 2604 826 
2604: 2603 
2605: 1578 
2606: 773 2607 
2607: 2606 773 
2608: 1318 918 
2609: 2610 167 
2610: 2609 167 
2611: 661 
2612: 3 
2613: 1208 
2614: 2555 
2615: 1482 
2616: 1011 
2617: 2618 2619 2620 2621 46 
2618: 2617 3610 2621 46 
2619: 2617 2620 2621 46 
2620: 2617 2619 46 
2621: 2617 3610 2618 2619 46 
2622: 556 
2623: 2579 492 
2624: 388 
2625: 944 
2626: 98 
2627: 587 663 
2628: 899 2350 3452 661 2796 
2629: 1448 
2630: 623 2631 
2631: 2630 623 
2632: 1220 
2633: 221 
2634: 2463 3 
2635: 223 
2636: 223 
2637: 223 1032 2642 
2638: 223 
2639: 223 1032 2641 2642 2644 
2640: 223 
2641: 223 2639 2644 
2642: 223 1032 2637 2639 
2643: 223 
2644: 223 2639 2641 
2645: 2646 2647 106 
2646: 2645 3108 2647 106 
2647: 2645 2646 173 3108 371 106 
2648: 2372 126 
2649: 94 
2650: 115 
2651: 2208 
2652: 2208 
2653: 2208 
2654: 2208 2655 
2655: 2208 2654 
2656: 2208 789 558 
2657: 2658 661 
2658: 2657 3288 253 3644 106 3645 
2659: 1119 
2660: 1194 3290 1909 711 
2661: 2662 2663 448 2664 
2662: 2661 448 
2663: 2661 448 
2664: 2661 448 
2665: 136 
2666: 2667 
2667: 2666 3272 3273 3274 1544 
2668: 1807 
2669: 1807 2671 
2670: 1807 
2671: 1807 705 2669 
2672: 1807 
2673: 1287 903 
2674: 152 
2675: 2133 
2676: 243 
2677: 418 
2678: 418 
2679: 418 421 
2680: 418 
2681: 418 
2682: 2145 3428 2147 
2683: 359 
2684: 591 
2685: 2346 2686 411 
2686: 2685 944 
2687: 132 
2688: 197 
2689: 326 3492 
2690: 326 
2691: 326 3623 3755 2805 3938 
2692: 326 2151 
2693: 126 
2694: 98 
2695: 91 
2696: 3 
2697: 2698 
2698: 2697 2907 3171 467 469 3785 
2699: 1304 
2700: 1082 
2701: 913 914 
2702: 370 888 2013 
2703: 913 2704 
2704: 913 2703 
2705: 913 
2706: 874 
2707: 556 
2708: 556 
2709: 556 
2710: 411 
2711: 119 2712 
2712: 2711 1119 2997 34 1698 
2713: 1511 1386 2714 
2714: 2713 2818 2886 2892 2065 
2715: 1627 
2716: 411 
2717: 1956 
2718: 647 25 
2719: 221 
2720: 580 581 
2721: 2147 
2722: 280 2071 3415 796 1742 218 226 1087 2017 1596 1360 
2723: 1171 
2724: 497 
2725: 64 
2726: 73 
2727: 444 2350 2734 
2728: 444 
2729: 444 
2730: 444 
2731: 444 
2732: 444 1218 
2733: 444 
2734: 444 2727 861 2735 
2735: 444 861 2734 
2736: 444 
2737: 444 
2738: 1782 
2739: 511 
2740: 115 
2741: 115 2748 
2742: 115 542 3091 
2743: 115 1261 2747 
2744: 115 2753 
2745: 115 238 
2746: 115 2753 
2747: 115 2743 
2748: 115 2741 
2749: 115 
2750: 115 
2751: 115 
2752: 115 
2753: 115 2744 2746 
2754: 115 
2755: 2756 1365 
2756: 2755 1365 
2757: 1639 944 
2758: 2759 
2759: 2758 2944 3784 3888 3934 56 
2760: 152 608 2761 155 
2761: 2760 3229 
2762: 124 
2763: 1536 110 
2764: 1536 110 391 3163 3250 
2765: 1536 184 3509 20 1904 3105 1190 
2766: 623 
2767: 124 
2768: 143 
2769: 2553 
2770: 2771 2772 2773 2774 2775 2776 2777 2778 2779 
2771: 2770 
2772: 2770 2778 
2773: 2770 2777 
2774: 2770 2777 
2775: 2770 903 122 3692 218 3622 3773 
2776: 2770 
2777: 2770 2773 2774 
2778: 2770 2772 3735 
2779: 2770 
2780: 2781 623 1407 
2781: 2780 623 307 1407 
2782: 1449 
2783: 25 
2784: 1365 
2785: 2786 1171 
2786: 2785 2420 2804 33 
2787: 1307 3052 110 2008 2010 
2788: 558 
2789: 1357 
2790: 1119 
2791: 1119 
2792: 1119 
2793: 1119 
2794: 1119 
2795: 1119 
2796: 1119 2628 2152 
2797: 1119 
2798: 391 
2799: 1981 2980 1860 237 1310 20 2866 
2800: 1981 237 20 
2801: 1981 236 20 
2802: 126 
2803: 2292 1734 3162 
2804: 2292 2786 33 
2805: 2292 450 2691 451 3938 662 
2806: 215 
2807: 215 
2808: 215 
2809: 215 1395 
2810: 215 
2811: 20 
2812: 2517 
2813: 1423 1647 
2814: 218 
2815: 151 152 
2816: 151 152 1025 608 338 2924 
2817: 73 
2818: 1722 2714 2310 492 
2819: 2373 126 2554 127 
2820: 2373 126 2009 2010 
2821: 336 2822 
2822: 2821 
2823: 309 
2824: 1171 1195 2825 
2825: 2824 137 
2826: 526 
2827: 553 39 644 
2828: 2198 581 
2829: 870 
2830: 870 2831 
2831: 2830 870 
2832: 143 
2833: 221 
2834: 1208 
2835: 1208 
2836: 1208 2403 
2837: 1208 
2838: 1208 2839 
2839: 1208 2838 
2840: 110 
2841: 391 
2842: 1623 
2843: 124 
2844: 511 
2845: 616 
2846: 243 
2847: 64 
2848: 1286 903 1289 1240 
2849: 20 
2850: 1352 
2851: 1352 
2852: 1352 3007 
2853: 1352 
2854: 758 
2855: 813 
2856: 835 119 
2857: 6 2858 
2858: 2857 6 
2859: 773 
2860: 2095 20 
2861: 2095 1309 20 190 
2862: 658 143 
2863: 119 
2864: 509 
2865: 307 2866 
2866: 2865 2799 1310 20 
2867: 789 
2868: 2051 
2869: 1448 2870 2871 
2870: 2869 1448 3431 
2871: 2869 1448 
2872: 600 
2873: 64 
2874: 1434 661 
2875: 129 2903 2984 
2876: 129 
2877: 129 
2878: 129 2887 
2879: 129 
2880: 129 
2881: 129 2887 
2882: 129 
2883: 129 
2884: 129 2896 
2885: 129 
2886: 129 2714 1643 753 542 2898 1900 
2887: 129 2878 2881 
2888: 129 
2889: 129 2890 
2890: 129 2889 
2891: 129 
2892: 129 2714 
2893: 129 
2894: 129 2898 
2895: 129 
2896: 129 2884 
2897: 129 1967 1968 
2898: 129 2886 2894 
2899: 129 
2900: 129 
2901: 129 
2902: 129 
2903: 129 2875 
2904: 129 
2905: 129 
2906: 129 
2907: 2698 
2908: 1685 927 2013 2014 3229 662 
2909: 993 
2910: 98 
2911: 1532 
2912: 152 
2913: 152 
2914: 152 608 
2915: 152 608 2925 
2916: 152 
2917: 152 
2918: 152 
2919: 152 2925 
2920: 152 
2921: 152 155 
2922: 152 2925 
2923: 152 
2924: 152 1025 2816 
2925: 152 2915 1114 1861 608 2919 154 2922 
2926: 509 
2927: 1079 492 
2928: 1079 
2929: 1079 
2930: 1079 
2931: 1079 
2932: 1079 
2933: 1365 
2934: 64 
2935: 1553 3023 
2936: 1553 2938 
2937: 1553 
2938: 1553 2936 
2939: 1661 2940 
2940: 1661 2939 1403 
2941: 1134 
2942: 508 
2943: 141 
2944: 2759 
2945: 508 
2946: 526 
2947: 492 
2948: 401 
2949: 2950 2951 
2950: 2949 2951 
2951: 2949 2950 1596 
2952: 1203 
2953: 1203 
2954: 1203 1276 
2955: 1203 
2956: 2957 2958 661 
2957: 2956 661 1190 
2958: 2956 661 
2959: 1670 401 2960 
2960: 1670 2959 
2961: 439 
2962: 419 623 
2963: 64 
2964: 64 
2965: 64 
2966: 64 
2967: 64 
2968: 64 
2969: 64 
2970: 64 2972 
2971: 64 
2972: 64 2970 
2973: 64 
2974: 64 
2975: 64 
2976: 64 
2977: 64 
2978: 64 
2979: 64 
2980: 2799 233 1982 18 1592 20 175 
2981: 101 
2982: 1724 2983 
2983: 2982 623 
2984: 2875 143 1128 
2985: 888 
2986: 2987 
2987: 2986 1019 
2988: 520 235 2320 20 
2989: 110 
2990: 1429 661 
2991: 2350 1722 831 661 2563 492 3106 
2992: 2350 661 
2993: 1474 
2994: 141 
2995: 235 236 20 
2996: 1011 2441 
2997: 1144 2712 
2998: 323 
2999: 264 3256 3679 3680 3681 
3000: 264 3722 3750 3751 
3001: 264 1044 
3002: 264 
3003: 264 3222 3618 3835 
3004: 264 3839 
3005: 264 
3006: 264 
3007: 264 1167 2852 3627 
3008: 903 1288 
3009: 94 
3010: 101 
3011: 118 2133 
3012: 1011 2441 3141 
3013: 1011 3014 
3014: 1011 3013 
3015: 1011 
3016: 1011 
3017: 1011 
3018: 2437 
3019: 436 126 930 
3020: 526 
3021: 199 
3022: 1365 
3023: 2935 25 28 
3024: 345 
3025: 391 3026 
3026: 3025 126 
3027: 1924 
3028: 2524 
3029: 3030 197 
3030: 3029 3589 3590 197 
3031: 1565 3032 
3032: 3031 1565 
3033: 1265 1266 1936 61 
3034: 124 
3035: 124 1732 
3036: 124 
3037: 124 
3038: 124 
3039: 124 3043 
3040: 124 
3041: 124 1259 
3042: 124 
3043: 124 3039 
3044: 124 
3045: 124 
3046: 124 
3047: 50 1529 37 
3048: 528 
3049: 2543 
3050: 73 
3051: 3 
3052: 110 960 2787 
3053: 1454 3669 165 
3054: 3055 511 
3055: 3054 3387 511 
3056: 758 
3057: 101 
3058: 1268 3208 98 
3059: 1268 98 3060 
3060: 1268 3208 3059 98 
3061: 1171 
3062: 3063 141 
3063: 3062 3425 141 3834 
3064: 2097 454 660 2283 3065 450 451 663 
3065: 3064 2097 
3066: 1171 
3067: 1028 377 
3068: 20 
3069: 3070 3071 3 
3070: 3069 3 
3071: 3069 1423 
3072: 1724 
3073: 3074 773 3075 
3074: 3073 773 3075 
3075: 3073 3074 773 
3076: 2527 1423 
3077: 1082 920 210 558 3078 
3078: 3077 210 3940 3928 
3079: 160 46 
3080: 1343 591 1988 
3081: 3082 3083 
3082: 3081 143 3304 2508 
3083: 3081 3269 56 
3084: 1965 391 3232 392 394 
3085: 554 
3086: 528 
3087: 251 
3088: 469 
3089: 1495 3418 3 
3090: 141 
3091: 2742 508 2124 
3092: 113 1808 
3093: 113 
3094: 113 
3095: 113 3136 
3096: 113 
3097: 113 
3098: 2219 
3099: 1424 2017 3100 
3100: 3099 
3101: 713 
3102: 2335 581 
3103: 1181 20 
3104: 2051 
3105: 1722 1590 492 1988 2765 
3106: 1722 2991 492 
3107: 903 1288 1289 
3108: 2646 2647 106 
3109: 1565 
3110: 591 
3111: 591 
3112: 591 369 
3113: 591 2320 
3114: 591 3115 
3115: 591 3114 
3116: 591 
3117: 436 
3118: 436 
3119: 436 
3120: 436 
3121: 436 
3122: 508 
3123: 623 
3124: 388 
3125: 1766 
3126: 1766 
3127: 110 2549 
3128: 1386 
3129: 1386 
3130: 1386 
3131: 513 
3132: 96 451 1416 3133 
3133: 3132 165 
3134: 110 
3135: 110 
3136: 110 3095 
3137: 110 
3138: 110 
3139: 110 3147 
3140: 110 
3141: 110 3012 
3142: 110 
3143: 110 
3144: 110 
3145: 110 
3146: 110 
3147: 110 3139 
3148: 110 
3149: 110 2007 2009 
3150: 110 
3151: 110 
3152: 110 
3153: 110 2494 
3154: 2554 3155 
3155: 3154 2554 2152 
3156: 492 
3157: 1643 238 94 1188 1189 1572 
3158: 391 1195 
3159: 197 
3160: 1734 
3161: 1734 546 1735 
3162: 1734 2803 
3163: 1734 2764 
3164: 1378 
3165: 1360 
3166: 808 
3167: 2133 
3168: 377 
3169: 221 
3170: 362 
3171: 2698 
3172: 323 
3173: 323 
3174: 323 
3175: 323 
3176: 323 
3177: 323 
3178: 323 
3179: 143 
3180: 506 
3181: 506 
3182: 506 
3183: 1174 141 
3184: 411 
3185: 233 20 
3186: 197 
3187: 2303 
3188: 1171 
3189: 839 
3190: 2133 
3191: 1018 
3192: 126 3193 2124 127 3194 486 
3193: 3192 661 1180 
3194: 3192 126 3333 1650 
3195: 709 
3196: 20 
3197: 141 
3198: 309 
3199: 445 
3200: 126 
3201: 1431 661 
3202: 265 3417 753 2051 227 
3203: 98 
3204: 2582 
3205: 1565 3206 
3206: 3205 1565 
3207: 623 
3208: 3058 98 3060 
3209: 141 
3210: 3211 
3211: 3210 336 185 
3212: 3213 1627 
3213: 3212 1627 439 
3214: 71 
3215: 3216 773 
3216: 3215 773 2304 
3217: 243 
3218: 25 
3219: 1979 
3220: 808 
3221: 492 
3222: 3003 
3223: 22 
3224: 531 126 
3225: 531 126 
3226: 1171 
3227: 1314 
3228: 3229 
3229: 3228 3284 143 336 2908 3617 1643 2205 3770 3793 3806 540 541 2761 3754 1650 
3230: 391 3248 
3231: 391 1092 
3232: 391 392 3084 394 
3233: 391 394 
3234: 391 
3235: 391 
3236: 391 394 
3237: 391 
3238: 391 
3239: 391 
3240: 391 
3241: 391 
3242: 391 
3243: 391 536 
3244: 391 394 
3245: 391 
3246: 391 394 3248 
3247: 391 
3248: 391 3230 3246 
3249: 391 
3250: 391 2764 
3251: 167 
3252: 315 
3253: 315 3254 3255 
3254: 315 3253 3255 
3255: 315 3253 3254 
3256: 2999 
3257: 2097 3258 3259 3260 
3258: 3257 2097 3260 
3259: 3257 2506 2097 3454 3260 
3260: 3257 2506 2097 3454 3258 3259 
3261: 581 2341 3262 
3262: 3261 581 2341 
3263: 2346 727 1200 411 
3264: 3 
3265: 1512 2582 448 
3266: 3267 3 
3267: 3266 3 
3268: 33 
3269: 1525 3083 1528 
3270: 119 
3271: 6 
3272: 2667 
3273: 2667 3274 
3274: 2667 3273 
3275: 221 
3276: 96 
3277: 2472 
3278: 2472 3350 677 
3279: 2472 
3280: 2472 
3281: 813 
3282: 508 
3283: 119 1001 
3284: 2205 3229 
3285: 181 
3286: 181 
3287: 181 
3288: 2658 106 
3289: 920 
3290: 2660 1909 3862 711 
3291: 143 
3292: 143 3303 
3293: 143 
3294: 143 
3295: 143 
3296: 143 
3297: 143 
3298: 143 
3299: 143 3300 
3300: 143 3299 
3301: 143 
3302: 143 
3303: 143 3292 
3304: 143 286 3082 2508 
3305: 143 
3306: 143 
3307: 143 
3308: 143 
3309: 139 
3310: 1979 
3311: 20 
3312: 454 448 449 450 
3313: 1449 
3314: 165 
3315: 6 
3316: 411 3317 3318 3319 
3317: 3316 411 
3318: 3316 1671 119 
3319: 3316 411 
3320: 711 
3321: 61 
3322: 581 
3323: 843 
3324: 616 106 
3325: 126 
3326: 126 
3327: 126 
3328: 126 
3329: 126 1870 
3330: 126 
3331: 126 3334 
3332: 126 
3333: 126 3194 
3334: 126 3331 
3335: 126 
3336: 126 
3337: 2473 
3338: 94 
3339: 3 
3340: 411 
3341: 3342 319 492 2289 
3342: 3341 369 33 3481 
3343: 33 
3344: 401 3345 
3345: 3344 
3346: 51 1171 989 
3347: 445 
3348: 122 
3349: 944 
3350: 3278 54 
3351: 411 
3352: 141 
3353: 2210 
3354: 2210 3356 
3355: 2210 
3356: 2210 3354 
3357: 707 
3358: 30 307 2529 3601 
3359: 30 3701 
3360: 1482 
3361: 1082 3434 
3362: 1082 
3363: 1082 3949 
3364: 1082 856 1004 
3365: 1579 3366 3367 73 
3366: 3365 3367 73 
3367: 3365 3366 73 
3368: 93 139 
3369: 101 
3370: 727 3371 
3371: 727 3370 3374 
3372: 727 1723 
3373: 727 2568 
3374: 727 3371 
3375: 661 1435 
3376: 3377 454 3378 448 
3377: 3376 448 
3378: 3376 454 448 
3379: 98 3380 
3380: 3379 98 
3381: 221 
3382: 336 3642 3643 711 
3383: 336 3421 
3384: 1998 
3385: 25 1114 
3386: 141 
3387: 3055 1474 
3388: 1578 
3389: 874 
3390: 25 649 3395 
3391: 25 650 
3392: 25 
3393: 25 
3394: 25 650 
3395: 25 649 3390 651 
3396: 25 3398 
3397: 25 
3398: 25 3396 
3399: 3400 802 
3400: 3399 3641 802 
3401: 2224 
3402: 2224 
3403: 2224 3404 
3404: 2224 3403 
3405: 2224 
3406: 1270 165 
3407: 197 
3408: 509 
3409: 3 
3410: 526 
3411: 1057 
3412: 96 
3413: 1035 
3414: 526 
3415: 2071 3549 2722 
3416: 141 
3417: 3202 2310 492 
3418: 3089 3 
3419: 843 1788 
3420: 20 1594 
3421: 3383 
3422: 758 
3423: 1724 
3424: 1724 
3425: 614 3063 141 
3426: 133 
3427: 2012 184 1309 18 239 1592 20 
3428: 2682 2147 
3429: 1448 
3430: 1448 
3431: 1448 2870 
3432: 511 
3433: 888 
3434: 3361 
3435: 3436 1900 73 
3436: 3435 1199 711 
3437: 141 
3438: 1565 
3439: 1975 
3440: 197 
3441: 796 3442 3443 
3442: 3441 
3443: 3441 
3444: 526 
3445: 2555 
3446: 2554 
3447: 2554 
3448: 401 
3449: 401 
3450: 401 806 
3451: 309 
3452: 2628 661 
3453: 382 
3454: 2097 3259 3260 
3455: 2064 3457 2065 
3456: 2064 1298 2065 
3457: 2064 1298 3455 2065 
3458: 581 
3459: 226 3460 
3460: 3459 
3461: 1756 920 1757 
3462: 1403 
3463: 427 
3464: 661 1738 
3465: 1954 
3466: 221 
3467: 767 
3468: 767 
3469: 767 
3470: 1861 165 
3471: 6 
3472: 221 
3473: 106 
3474: 1134 
3475: 22 
3476: 22 
3477: 22 2124 
3478: 1474 
3479: 2103 1740 
3480: 6 1774 
3481: 1862 369 3342 33 2602 
3482: 101 
3483: 141 
3484: 554 3485 
3485: 3484 554 
3486: 812 1578 
3487: 758 
3488: 133 
3489: 133 
3490: 944 3491 
3491: 3490 944 3647 
3492: 2689 
3493: 20 
3494: 445 
3495: 1051 492 
3496: 388 
3497: 136 3498 
3498: 3497 802 
3499: 98 
3500: 3 
3501: 427 
3502: 90 
3503: 90 
3504: 445 
3505: 438 439 
3506: 2051 
3507: 1532 1533 
3508: 1532 
3509: 1643 1163 240 20 2765 
3510: 808 
3511: 141 
3512: 993 
3513: 388 995 
3514: 1306 388 496 
3515: 91 
3516: 623 
3517: 119 
3518: 554 
3519: 1171 
3520: 1171 879 
3521: 1171 
3522: 1171 
3523: 1171 
3524: 1171 
3525: 1171 
3526: 1171 
3527: 1171 
3528: 1171 
3529: 6 
3530: 20 
3531: 3532 1107 
3532: 3531 1107 3838 
3533: 98 
3534: 1711 713 
3535: 623 3536 3537 3540 
3536: 623 3535 3537 3540 3544 
3537: 623 3535 3536 
3538: 623 
3539: 623 
3540: 623 3535 3536 
3541: 623 
3542: 623 
3543: 623 1407 
3544: 623 3779 3536 
3545: 1423 
3546: 1423 253 3547 
3547: 1423 3546 
3548: 2302 
3549: 3415 3885 
3550: 661 
3551: 94 
3552: 1578 
3553: 856 1004 1005 
3554: 199 1166 
3555: 199 
3556: 307 2529 768 769 770 3560 
3557: 307 
3558: 307 
3559: 307 
3560: 307 3556 2529 768 769 770 
3561: 307 
3562: 307 
3563: 307 3905 73 
3564: 307 2529 770 
3565: 307 
3566: 73 
3567: 388 
3568: 119 
3569: 119 
3570: 119 
3571: 119 805 
3572: 119 
3573: 119 3584 
3574: 469 
3575: 3576 
3576: 3575 3911 1995 
3577: 6 
3578: 6 3586 
3579: 6 
3580: 6 
3581: 6 1180 
3582: 6 882 
3583: 6 
3584: 6 3573 
3585: 6 
3586: 6 3578 2133 
3587: 6 
3588: 197 
3589: 3030 197 
3590: 3030 197 
3591: 388 
3592: 1370 
3593: 1370 
3594: 1870 20 
3595: 874 
3596: 874 
3597: 874 
3598: 3599 1565 
3599: 3598 1565 
3600: 221 3601 
3601: 3600 888 3358 
3602: 197 
3603: 1365 
3604: 554 
3605: 98 
3606: 406 
3607: 217 
3608: 217 
3609: 217 
3610: 2618 2621 46 
3611: 167 
3612: 362 
3613: 856 
3614: 1730 1731 3615 1623 
3615: 1730 3614 1731 1623 
3616: 3 
3617: 3229 
3618: 3003 
3619: 870 
3620: 3621 3622 
3621: 3620 3622 
3622: 3620 2775 3621 3958 
3623: 2691 
3624: 243 
3625: 1057 
3626: 388 
3627: 1167 3007 
3628: 2225 
3629: 2004 2005 73 
3630: 221 
3631: 221 663 
3632: 221 
3633: 221 3672 
3634: 221 
3635: 221 
3636: 221 
3637: 221 
3638: 221 
3639: 221 
3640: 221 
3641: 3400 802 
3642: 3382 3643 
3643: 3382 3642 
3644: 2658 105 106 
3645: 2658 253 243 
3646: 944 
3647: 944 3491 
3648: 944 
3649: 197 
3650: 105 3704 106 
3651: 3652 616 
3652: 3651 616 
3653: 427 
3654: 888 
3655: 661 2353 
3656: 3657 3658 20 
3657: 3656 3658 20 
3658: 3656 3657 20 
3659: 2225 
3660: 408 
3661: 834 141 
3662: 2051 
3663: 106 
3664: 2133 
3665: 388 
3666: 197 
3667: 2065 
3668: 20 
3669: 2403 3053 165 
3670: 509 
3671: 554 
3672: 554 3633 
3673: 554 
3674: 661 
3675: 103 
3676: 96 
3677: 661 2354 
3678: 20 
3679: 2999 
3680: 2999 
3681: 2999 
3682: 1565 3683 
3683: 3682 1565 
3684: 2151 
3685: 2151 3686 
3686: 2151 3685 
3687: 141 
3688: 906 
3689: 134 
3690: 758 
3691: 359 
3692: 2775 
3693: 141 
3694: 411 
3695: 106 
3696: 661 
3697: 106 
3698: 441 
3699: 441 
3700: 441 
3701: 441 3359 
3702: 441 
3703: 94 
3704: 3650 106 
3705: 2555 
3706: 33 
3707: 1782 
3708: 218 2543 
3709: 218 1087 2543 
3710: 39 
3711: 39 
3712: 758 
3713: 758 
3714: 758 
3715: 758 1991 1190 
3716: 758 
3717: 758 
3718: 758 
3719: 492 
3720: 73 
3721: 2404 802 
3722: 3000 
3723: 920 
3724: 528 
3725: 427 
3726: 427 
3727: 427 
3728: 427 
3729: 427 
3730: 427 3731 
3731: 427 3730 
3732: 106 
3733: 508 
3734: 526 
3735: 1916 1565 2778 
3736: 2555 
3737: 96 
3738: 96 
3739: 508 
3740: 508 
3741: 508 
3742: 508 
3743: 508 
3744: 508 
3745: 508 1704 
3746: 1565 
3747: 1578 
3748: 1578 
3749: 2133 
3750: 3000 3751 
3751: 3000 3750 
3752: 179 606 
3753: 141 
3754: 2205 3229 
3755: 2691 
3756: 141 
3757: 3758 826 3759 1474 
3758: 3757 
3759: 3757 
3760: 1388 
3761: 1434 661 
3762: 359 
3763: 2520 98 
3764: 1960 
3765: 826 
3766: 1565 
3767: 888 
3768: 213 
3769: 2051 
3770: 3229 
3771: 2352 661 2353 
3772: 448 
3773: 2775 
3774: 411 
3775: 165 
3776: 253 243 
3777: 3778 3779 1360 
3778: 3777 
3779: 3777 3544 
3780: 920 
3781: 448 
3782: 2051 
3783: 1277 
3784: 2759 
3785: 2698 
3786: 497 
3787: 1388 
3788: 1998 
3789: 1769 
3790: 491 492 
3791: 1565 
3792: 3 
3793: 3229 1650 
3794: 20 
3795: 388 
3796: 2473 
3797: 309 
3798: 167 
3799: 492 
3800: 2133 663 
3801: 661 
3802: 661 
3803: 661 
3804: 661 
3805: 445 
3806: 3229 
3807: 20 
3808: 616 
3809: 411 
3810: 888 
3811: 888 
3812: 888 3813 
3813: 888 3812 
3814: 888 3820 
3815: 888 
3816: 888 1985 
3817: 888 
3818: 888 
3819: 888 
3820: 888 3814 
3821: 888 
3822: 73 
3823: 197 
3824: 1474 
3825: 1517 411 
3826: 813 
3827: 813 
3828: 813 
3829: 813 
3830: 3 
3831: 1998 
3832: 1998 
3833: 1357 
3834: 3063 141 
3835: 3003 
3836: 141 
3837: 709 
3838: 3532 1107 
3839: 3004 
3840: 920 
3841: 920 
3842: 920 
3843: 920 
3844: 920 
3845: 243 
3846: 1565 
3847: 141 
3848: 20 
3849: 33 
3850: 33 
3851: 388 
3852: 106 
3853: 1004 
3854: 1004 
3855: 2302 
3856: 445 
3857: 1474 
3858: 197 
3859: 197 
3860: 197 
3861: 197 
3862: 3290 711 
3863: 106 
3864: 773 
3865: 1357 
3866: 243 
3867: 243 
3868: 243 
3869: 243 
3870: 243 
3871: 20 
3872: 526 
3873: 1018 
3874: 1627 
3875: 98 
3876: 98 
3877: 448 1210 
3878: 1357 406 
3879: 411 
3880: 20 
3881: 411 
3882: 411 
3883: 411 
3884: 411 
3885: 3549 
3886: 1892 388 
3887: 528 
3888: 2759 
3889: 526 
3890: 526 
3891: 526 
3892: 141 
3893: 711 
3894: 509 
3895: 258 
3896: 94 
3897: 1127 141 
3898: 445 
3899: 616 106 
3900: 511 
3901: 1398 827 
3902: 101 
3903: 2065 
3904: 239 20 
3905: 3563 73 
3906: 338 20 
3907: 839 
3908: 711 
3909: 141 
3910: 2051 
3911: 3576 
3912: 3913 
3913: 3912 2317 
3914: 1565 
3915: 101 
3916: 382 
3917: 606 
3918: 852 141 
3919: 1365 
3920: 3 
3921: 3 
3922: 3 
3923: 1474 
3924: 1107 
3925: 492 
3926: 492 
3927: 210 
3928: 210 3078 
3929: 101 
3930: 61 
3931: 513 
3932: 136 
3933: 20 
3934: 2759 
3935: 1565 
3936: 1565 
3937: 827 
3938: 2691 2805 
3939: 388 
3940: 3078 
3941: 388 
3942: 388 
3943: 73 
3944: 822 2253 141 
3945: 2065 
3946: 20 191 
3947: 54 1593 
3948: 1770 
3949: 3363 
3950: 141 
3951: 20 
3952: 94 
3953: 94 
3954: 94 1416 
3955: 1596 
3956: 141 
3957: 1596 
3958: 3622 
3959: 141 
3960: 439 
3961: 2552 
3962: 359 
3963: 492 
3964: 492 
3965: 492 
3966: 492 
3967: 101 
3968: 141 
3969: 445 
3970: 802 
3971: 103 
3972: 101 
3973: 141 
3974: 2065 
3975: 106 3976 
3976: 106 3975 
3977: 258 
3978: 802 
3979: 141 
3980: 141 
3981: 73 
