1133
1: 2 3 4 5 6 7 8 9 10 11 12 13 14 15 16 17 18 19 20 21 22 23 24 25 26 27 28 29 30 31
2: 1 18 32 13 16 10 24 33 34 22 35 3 9 20 36 7 6 8 37 11 4 38 19
3: 1 2 39 21 40 13 7 8 34 28 23 41 42 43 9 11 4 18 19 44 16 45 46 6 20 27 22 47 48 49 50 12 51 52 53 54 55 56
4: 1 2 3 57 58 59 60 46 61 62 63 64 65 66 67 11 68 69 70 71 22 72
5: 1 6 73 74 13 75 76 77 78 79
6: 1 2 3 5 7 28 13 34 80 81 16 18 82 27 83 8 84 85 86 87 22
7: 1 2 3 6 88 89 22 19 90 16 91 92 93 94 28 13 95 96 97 98 99 100 10 76 15 9
8: 1 2 3 6 101 22 102 28
9: 1 2 3 7 22 103 13 104 41 24 21 105 16 106 107 10 30
10: 1 2 7 9 108 109 34 110 111 112 16 113 24 70 114 115 116 30 117 118 119 120 121 122 123 124 125 126 127 128 129 130
11: 1 2 3 4 131 73 45 132 133 134 135 22 136 20 19 18 137 138 27 25
12: 1 3 139 140 141 142 84 143 144 145 146 147 148 149 150 151 152 153
13: 1 2 3 5 6 7 9 154 155 156 24 157 28 22 158 16 18 159 14 69 45 106 76 153 160
14: 1 13 15 161 162 163 164 123 33 24 165 166 34 167 124 168 110 169 170 171 172 173 174 80 136 112 175 176 107 177 178 179 16 180 181 182
15: 1 7 14 76 183 184 185 186 187 124 33 188 189 190 168 34 191 93 23
16: 1 2 3 6 7 9 10 13 14 192 108 24 193 123 194 195 34 196 197 198 199 30 127 200 77 105 201 202 203 204 205 206 207 208 209 210 33 211 212 213 214 215 216 56 217 218 219 220 129 221 222
17: 1 115 24 34 223 224 225
18: 1 2 3 6 11 13 25 39 26 226 23 38 227 21 27 19 22 228
19: 1 2 3 7 11 18 229 230 38 231 20 27 70 137 232 186 120 82 233 234 235 236 237 238 239 240 41 86
20: 1 2 3 11 19 233 228 81 50 241 41 242 106 243 43 244 22
21: 1 3 9 18 245 246 40 25 46 41 54 247 248 47 249 250 251 223 252 253 23 50 254 105 255 210 214 206 55 157 256 107 91 239 257 258 259 59 260 39 103 104 261
22: 1 2 3 4 6 7 8 9 11 13 18 20 27 38 32
23: 1 3 15 18 21 262 263 240 264 38 265 266 227 54 182 134 135 25 43 246 45 267 268 39 143 269 270 271 272 46 44 42 273 80 196 255 274 275 276 50 277 278 279 97 280 203 230 281 282 283 284
24: 1 2 9 10 13 14 16 17 108 285 109 286 182 34 176 287 288 263 289 115 290 167 70 291 119 292 124 58 30 168 33 116 293 294 174 295 110 120 121 296 297 112
25: 1 11 18 21 23 26 227 39 287 265 298 299 300 301 62 302 126 60 303 238
26: 1 18 25
27: 1 3 6 11 18 19 22 95 238 304 235 70 186 232 230 38 305 86 275 306 307
28: 1 3 6 7 8 13 34 233 182 308 309 280
29: 1 310 311 312 313 314 147 315 316
30: 1 9 10 16 24 317 318 319 320 321 322 323 324 49 325 326 178 34 196 327 328 218 200 211 194 201
31: 1 329 45 330 259 251 104 331 202 157 332 333 334 54 335 336 245 337 338 339 340 241
32: 2 22 341
33: 2 14 15 16 24 34 120 169
34: 2 3 6 10 14 15 16 17 24 28 30 33 308 108 342 343 182 55 70
35: 2
36: 2
37: 2
38: 2 18 19 22 23 27 344 345 51 270 237 231 233 346 347 275 348 241 254 349 350 351 352 330 353
39: 3 18 21 23 25 354 46 227 52 105 250 313 42 245 240 246 43 355 356 357 314 332 358 107 41 45 265 50
40: 3 21 359 54 55 336 268 354 293 360 46 361 56 362 363 364 49 47 42 365 355 105 157 58 203 366 367
41: 3 9 19 20 21 39 354 353 87 368 245 262 260 358 134 270 54 369 250 370 371 210 194 50 372 135 246 332 103 51 373 62 48 46 374 106 94 375 238 376 377 334 247 378 379 355 47 191 235
42: 3 23 39 40 303 380 381 105 382 372 271 383 384 385 386 387 356 388 389 50 390 391 314 392 104 245 333 393 332 44 394 378 395 396 397 337 355 398 354 45 134 335 157 399 400 338 401 84 402 403 404
43: 3 20 23 39 269 46 405 282 230 240
44: 3 23 42 341 406 407 408 332 409 410 386 411 412 135 52 383 413 414
45: 3 11 13 23 31 39 42 415 399 73 333 416 355 417 418 251 419 227 420 421 50 422 54 191 423 362 424 349 425 133 259
46: 3 4 21 23 39 40 41 43 59 399 72 62 58 426 354 64 57 373 71 414 69 81 66 427 282 428 429 68 351 241 430 246 431 52 432 48
47: 3 21 40 41 433 337 104
48: 3 41 46 296 332 434 367
49: 3 30 40 54 76 185 269 344 241 92 303 328 206 435 55 293 436 105 116 390 437 128 361 79 201 274 317 321 327 438 439 213 202 440 325 322 441 56 442 363
50: 3 20 21 23 39 41 42 45 259 368 52 228 81 241 354 443 444 191 245 324 367 338 271 314 404 333
51: 3 38 41 445 446 105 56 447 354 353 54 448 449 368 278 366 450 338 257 451 340 269
52: 3 39 44 46 50 452 453 228 241 81 351 269 182 128 454 333 133 365 340 254 455 456 146 457 362 367 458 157 335 248 135 316 459 402 287 460 413 461
53: 3 72
54: 3 21 23 31 40 41 45 49 51 187 124 87 183 354 189 268 454 346 76 329 331 185 462 378 463 333 464 316 465 191 466 467
55: 3 21 34 40 49 468 360 105 259 317 469 324 201 56 128
56: 3 16 40 49 51 55 470 335 251 392 332 471 360 364 327 472 289 207 202 196 473 212 213 390 293 201 128 194 437 105 133 474 210 77 214
57: 4 46 62 58 475 65 476 477 478 479 480 59 282 69 426 72 481 64 66 373 482 483 484 485 420 486 231 487
58: 4 24 40 46 57 72 59 64 66 69 488 62 426 282 373 192 286 351 393 489 67 490 491 255 439 492 493 206 494 124 107 495 112
59: 4 21 46 57 58 64 66 71 69 282 62 426 72 430 496 497 498 256 499
60: 4 25 485
61: 4 470 64 244 500 68 132 501 485 502
62: 4 25 41 46 57 58 59 503 63 64 504 373 341 505 371 140 185 145 267 150 203 72 71 66 476 67
63: 4 62 427 506 507 508 150 71 509 476
64: 4 46 57 58 59 61 62 485 65 68 90 506 282 510 69 72 483
65: 4 57 64 483 68 485 282 510 430 90 477 475 511 512 513 476 481 514
66: 4 46 57 58 59 62 316 515 368 69 71 282 426 72
67: 4 58 62 430 516 485 286 282 238 490 491 517 518 519
68: 4 46 61 64 65 470 500 485 510 430 90 282 520 511 69 373
69: 4 13 46 57 58 59 64 66 68 444 506 521 522 523 524 525 426 72 526 527 432 509 90 528 362 466 349 219 529 500
70: 4 10 19 24 27 34 530 233 108 239 444 330 82 531 117 280 169 355 182 492 532 495 170
71: 4 46 59 62 63 66 508 233 427 429 134 533 511
72: 4 46 53 57 58 59 62 64 66 69 534 426 535 536 537 369 507 285 538 500 539 511 540 282 339 455 353 396 541 373 542 268 351 140 423 510 356
73: 5 11 45 420 376 543 133 544 467 270 447 528 260 545 546 89 378 413 422 547 548
74: 5 233 134 254 549 466 504 550 287 551 552 194 206 196 128 505 553 186 101 554 555
75: 5 556 557 354 558 152 559 468 560 267 148 561
76: 5 7 13 15 49 54 183 187 185 553 84 562 189 396 267 147 117 105 316 269 563 564 565 566 190 567 568 467 150 466 462 233 186 569 124 341 570 80 119 571 572 573 352
77: 5 16 56 420 147 574 323 196
78: 5 333 183 113 181 176 162 197 161 575 120 121
79: 5 49 576 128 133 136 322 201 336 105 400 577
80: 6 14 23 76 184 578 269 579 580 581 582 116 85 401 400 577 105 176 583 127 274 584 194 361 120 161
81: 6 20 46 50 52 228 134 585 452 241 586 155 587 333 454 460 554 588 308 260 94 243 405 204
82: 6 19 70 234 306 233 180 269 237 94 405 182 381 275 176 113 301 520 589 460 277 201 588
83: 6 590 388 239 143 243
84: 6 12 42 76 354 141 143 332 146 591 150 140 573 153 152
85: 6 80 398 592 593 212 128 219 594 198 595 215 193 291 328 222 205 401 130 327 518 596
86: 6 19 27 429 597 598 378 233 95 454 94
87: 6 41 54 183 134 567
88: 7 92 599 204 219 600 518 601 193 594 198 259
89: 7 73 454 464 93 602 603 604
90: 7 64 65 68 69 427 485 282 510 430 605 606 607 507 608 396 426 604 609 610 285 603
91: 7 21 611 256 233 612 269 613 369 614 615 444
92: 7 49 88 616 617 618 201 284 619 157 620 574 259
93: 7 15 89 621 454 602 189 603 622 623 624 625 465 626 627 191 628 118 629
94: 7 41 81 82 86 630 99 266 631 376 632 231 351 457 137 606 633 233 568 237 131 598 597 241
95: 7 27 86 454 632
96: 7 376 612 100 634 610 457
97: 7 23
98: 7 635 598 636 627
99: 7 94 135 602 189
100: 7 96 598
101: 8 74 265 196 271 637 582 404 132 468 638 128 554
102: 8 339 370
103: 9 21 41 639 246 614
104: 9 21 31 42 47 154 333 135 501 404 128 201 218 640 327 105
105: 9 16 21 39 40 42 49 51 55 56 76 79 80 104 333 545 335 183 331 420 578 414 236 468 378 227 274 439 400 390 210 446 641 200 214 204 196 206 128 642 643 644 596 645 646 198 647 284 129 203 259 116 648 213 291 205 218 649 650 651 503 251 321 202 361 201 472 217 437 216 307
106: 9 13 20 41 538 588 425 652 653 452 654 655 656 268 415 657 458 658 134 137 358 659 339 660 661 662 663 664 391 467 665
107: 9 14 21 39 58 666 667 252 182 128 200 206 263 196 668 217
108: 10 16 24 34 70 120 296
109: 10 24
110: 10 14 24 117 532 569 119 669 182 124
111: 10
112: 10 14 24 58 333 271 179 670 165 280 671 163 120 168 355 114 170 181 167
113: 10 78 82 134 672 176 181 124 162 168 532 120 163
114: 10 112 669 569 117 179
115: 10 17 24 454 673 224 668 225 287 255 674 367 675
116: 10 24 49 80 105 470 676 677 344 678 269 468 593 127 128 274 648 446 305 390 205 679 439 194 215 213 435 642 206 210 214 307 201 289 680 681 204 198
117: 10 70 76 110 114 135 185 124 569 119 167 682 133 161 532 120
118: 10 93 683 517 441 629 205 684 469
119: 10 24 76 110 117 124 169 669 569
120: 10 19 24 33 78 80 108 112 113 117 233 332 685 569 532 166 178 168 165 182 669 174 176 169 170 161 172 163 179 181 563 297
121: 10 24 78 178 163 169 563 166 174 165 172 168
122: 10 429 545 686 331 329 543 252 687 688 290 355 689 287
123: 10 14 16
124: 10 14 15 24 54 58 76 110 113 117 119 183 176 555 690 569 691
125: 10 692 137 429 329 367 287 182 255 693 694
126: 10 25 684
127: 10 16 80 116 647 274 594 695 696 208 446 219 649 648 199
128: 10 49 52 55 56 74 79 85 101 104 105 107 116 303 137 429 231 243 206 321 194 325 293 324 680 217 439 182 435 274 196 305 207 289 201 697
129: 10 16 105 641 200 643 317
130: 10 85 468 672 698 194 327 401 205 699 437
131: 11 94 135 611 134 297 700 701 585 330 155 536 702 460 703 234 614 481 137 704 677
132: 11 61 101 244 313 470 547 501 638 617 331 259
133: 11 45 52 56 73 79 117 475 565 134 282 234 213 446
134: 11 23 41 42 71 74 81 87 106 113 131 133 585 135 155 227 338 481 705 706 691 586 351 663 368 377 240 448 140 418 314 707 372 607 708 445 487 709 254
135: 11 23 41 44 52 99 104 117 131 134 196 394 524 606 710 387 711 311 340 598 586 568 431 712 504 397 545 467 713 714 457 148 367 480 693 184 155 715 227 332
136: 11 14 79 612 565 302 716 576 717 718 313 533 213 682
137: 11 19 94 106 125 128 131 711 662 452 238 243 269 182 585 138 554 239 376 454 588 413 321 214 362 230 443 520 420 233 459 332
138: 11 137 230 240
139: 12 147 146
140: 12 62 72 84 134 147 148 142 150 146 299 267 354 504 143 300 349 719 152 332 329 649 396 720 573 721 505 145 149 722 314 312 313 333
141: 12 84 354 723 719 142 146 152
142: 12 140 141 143 354 152 723 649 591 404 147 148 150 146 724 443 313 504 355 332 578
143: 12 23 83 84 140 142 723 147 239 146 725 726 633 504 332 413 727 396 591 381 728 729 730 590 411 299 410 276 731
144: 12 559 732 387 733 734 364 556
145: 12 62 140 371 416 331 735 146 736 267 241 573 185 237 354 150 372 152
146: 12 52 84 139 140 141 142 143 145 371 573 147 354 150 332 185 737 148 505 149 362 316 239 428 229 152
147: 12 29 76 77 139 140 142 143 146 152 314 183 150 738 239 573 507 739 354 720 396
148: 12 75 135 140 142 146 206 573 364 719 378 152
149: 12 140 146 267 721 737 371 573 185 505 150 152 692
150: 12 62 63 76 84 140 142 145 146 147 149 152 354 573 241 540 183 243 404 578
151: 12 241
152: 12 75 84 140 141 142 145 146 147 148 149 150 739 267 371 735 559 300 557 243 737 573 740 741 185 723 742
153: 12 13 84 396 743 744 412 745 746 747 356 590 748 591
154: 13 104 218
155: 13 81 131 134 135 377 237 677 362 445 346 415 586 344 418 585 375 378
156: 13 269 687 702 662 268
157: 13 21 31 40 42 52 92 335 741 246 332 333 749
158: 13 750 751 661 752 391 753 395 754 183 755 649
159: 13 756 434
160: 13 757 758 759
161: 14 78 80 117 120 190 183 185 584
162: 14 78 113 584 176 196 327 197 401 699 297 198
163: 14 112 113 120 121 633 351 760 489 322
164: 14 271 173 167 168 322 165
165: 14 112 120 121 164 239 172 174 167 563 166 168 297
166: 14 120 121 165 182 492 168 361 178
167: 14 24 112 117 164 165 237 532
168: 14 15 24 112 113 120 121 164 165 166 237 563 322 691 532
169: 14 33 70 119 120 121
170: 14 70 112 120 490
171: 14 501 584
172: 14 120 121 165 297 563
173: 14 164
174: 14 24 120 121 165
175: 14
176: 14 24 78 80 82 113 120 124 162 390 584 181 220 197 196 761 182 198 327
177: 14 584 182
178: 14 30 120 121 166 244
179: 14 112 114 120 280 669
180: 14 82
181: 14 78 112 113 120 176 344 549 314 197
182: 14 23 24 28 34 52 70 82 107 110 120 125 128 137 166 176 177 231 234 241 237 277 762 532 296 563 287 763 292
183: 15 54 76 78 87 105 124 147 150 158 161 567 187 764 700 625 384 359 189 393 381 715 341 724 726 367 191 551 765 566 602 604 766 190 185
184: 15 80 135 185 269 572 189 191 579 206
185: 15 49 54 62 76 117 145 146 149 152 161 183 184 371 559 300 742 416 573 329 354 364 389 736 767 569 331 578 267 190
186: 15 19 27 74 76 580 603 549 711 768 429 639 638 414
187: 15 54 76 183 466 567 766 396 589
188: 15 769 660 455 588 770 654 467 771 562 772 663 578
189: 15 54 76 93 99 183 184 454 191 773 464 623 602 622 578 774
190: 15 76 161 183 185 567 566 573
191: 15 41 45 50 54 93 183 184 189 454 464 316 622
192: 16 58 698 775 776 248 503 446 206 288 224 323
193: 16 85 88 363 328 361 592 222 215 594 401 196 775 518 600 601 599 212 446 219 204
194: 16 30 41 56 74 80 116 128 130 705 196 210 293 263 649 325 439 361 390 317 204 400 777
195: 16 694 778 255 675 489 671
196: 16 23 30 56 74 77 101 105 107 128 135 162 176 193 194 269 333 237 678 599 220 779 274 201 390 197 204 780 263 317 473 289 472 212 327 207 691 777 439 214 781 446 361 210 364 695 218
197: 16 78 162 176 181 196 204 327 782 220 390 289 780 212
198: 16 85 88 105 116 162 176 775 512 222 205 215 629 327 207 401 584 647 441 212 594 204 695 206 783 780 698 219 642
199: 16 127 784 785 289 687 725 286 363 786 215 221 780 216 649 218
200: 16 30 105 107 129 219 641 645 596 646 642 787 643 271 647 545 470 333 692 788 617 284 259 205
201: 16 30 49 55 56 79 82 92 104 105 116 128 196 258 335 233 650 202 206 361 438 291 274 293 218 325 474 336
202: 16 31 49 56 105 201 258 335 251 399 348 586 214 321 474
203: 16 23 40 62 105 291 503 371 416 573 332 263 789 206 323
204: 16 81 88 105 116 193 194 196 197 198 233 272 335 378 390 217 790 293 205 361 251 211 210 438 209 274 207 594 791 216 263 213 291 218 446 503 214 328 472
205: 16 85 105 116 118 130 198 200 204 401 446 217 212 219 208 594 648 792 222 211 336 783 390 216 207 289 291 210 698 274 215
206: 16 21 49 58 74 105 107 116 128 148 184 192 198 201 203 695 214 263 210 322 215 222 446 439 327 400 213 361
207: 16 56 128 196 198 204 205 213 390 473 212 364 629 216 698 327
208: 16 127 205 468 792 219 212 446 274 648 343 596
209: 16 204 404 215 596 218
210: 16 21 41 56 105 116 194 196 204 205 206 404 672 676 425 233 274 439 446 322 361 400 214 698 642
211: 16 30 204 205 578 212 219 401 289 698 792 680 781 215
212: 16 56 85 193 196 197 198 205 207 208 211 793 222 401 560 219 215 213 698 441 794 328 792 216 472 795 327
213: 16 49 56 105 116 133 136 204 206 207 212 366 677 286 793 472 437 284 364 796 797 307 474
214: 16 21 56 105 116 137 196 202 204 206 210 688 692 243 429 293 361 438 263 503 650 274
215: 16 85 116 193 198 199 205 206 209 211 212 592 289 219 216 363 221 780 642 786 222 401 698 218 518 594
216: 16 105 199 204 205 207 212 215 780 599 219 289 390 439 221 642 786 218 696 798
217: 16 105 107 128 204 205 545 775 243 501 221 293 794
218: 16 30 104 105 154 196 199 201 204 209 215 216 799 578 363 780 599 274 629 335 532 439 640
219: 16 69 85 88 127 193 198 200 205 208 211 212 215 216 401 725 698 695 472 592 650 792 800 222 595 696 692 801 289 790
220: 16 176 196 197 390 802
221: 16 199 215 216 217 555 599 786 363 780 289 647
222: 16 85 193 198 205 206 212 215 219 592 742 803 804 594
223: 17 21 549 678 495 805
224: 17 115 192 495 806 355 674 675
225: 17 115 806
226: 18 528
227: 18 23 25 39 45 105 134 135 807 532 324 410 578 518 378 368
228: 18 20 50 52 81 808 399 241 404 340 271 314
229: 19 146 454
230: 19 23 27 43 137 138 298 443 775 809 239 613 240 233
231: 19 38 57 94 128 182 240 243 254 810 346 334
232: 19 27
233: 19 20 28 38 70 71 74 76 82 86 91 94 120 137 201 204 210 230 238 444 282 692 243 254 811 306 812 239 813 305 814 534 815 633 660 590 439 816 378 585 711 240 607 235 255
234: 19 82 131 133 182 817 376
235: 19 27 41 233 541 662 305 568 415 452 458 456 818 257
236: 19 105
237: 19 38 82 94 145 155 167 168 182 196 819 340 316 705 305 585 631 633 820 702 269 707 624 444 821 464 822 532 503 355
238: 19 25 27 41 67 137 233 709 564 453 823 428 824 513 460 487 447
239: 19 21 70 83 137 143 146 147 165 230 233 590 504 243 434 306 812 825 813 330 591
240: 19 23 39 43 134 138 230 231 233 443 826 776 444 440 405 248 306
241: 20 31 38 46 49 50 52 81 94 145 150 151 182 228 340 484 466 243 367 456 415 316 827 452 475 269 588 585 392
242: 20 828 418 578
243: 20 81 83 128 137 150 152 214 217 231 233 239 241 396 431 829 830 303 826 332 591 831 633 373 588 452 504
244: 20 61 132 178 378 832 470 501
245: 21 31 39 41 42 50 354 335 246 250 248
246: 21 23 39 41 46 103 157 245 362 399 585 250
247: 21 41
248: 21 52 192 240 245 331 775 379 392 443 833 809 834 512 555
249: 21 306
250: 21 39 41 245 246 367 687 252 429 702 284
251: 21 31 45 56 105 202 204 333 420 258 331 437 335 835
252: 21 107 122 250 321 711 306 433
253: 21
254: 21 38 52 74 134 231 233 677 810 585 334 338 346 259 269
255: 21 23 58 115 125 195 233 333 836 367 837 838 489 839 694 277 355 287
256: 21 59 91 269 614 572 612 716 499 659 769 840 841 842
257: 21 51 235 458 354 316 660 843 568 844 369 423
258: 21 201 202 251 348
259: 21 31 45 50 55 88 92 105 132 200 254 672 666 333 420 472 293 305
260: 21 41 73 81 418 718 845 846 755 458
261: 21
262: 23 41 377 368
263: 23 24 107 194 196 203 204 206 214 439 288 503 446
264: 23 847 848 447 849 564
265: 23 25 39 101 307 272 850 284
266: 23 94 598 376
267: 23 62 75 76 140 145 149 152 185 851 557 710 852 573 556 300 503 719 341
268: 23 40 54 72 106 156 425 316 368 659 657 369 767 452 365 354 358 663 395 362 853 415 568 340
269: 23 43 49 51 52 76 80 82 91 116 137 156 184 196 237 241 254 256 711 702 854 855 614 701 588
270: 23 38 41 73 585 815 351 856 620 857 829 399 378 816 632 858
271: 23 42 50 101 112 164 200 228 859 860 861 392 333 750 404 434 356 355 372 314 398 836
272: 23 204 265
273: 23 501 862 689 355
274: 23 49 80 105 116 127 128 196 201 204 205 208 210 214 218 470 594 446 695 437 390 593 327 863 439 382
275: 23 27 38 82 415 864 451 378 279 458 353
276: 23 143 756 859 388 865 413 591 393 458 299 866 333 414
277: 23 82 182 255 694 323 867
278: 23 51 847 824 868 554 564 869 870 871 848
279: 23 275 872 568 415 654 598 417 372 451
280: 23 28 70 112 179 372 392 532 671 694
281: 23 339
282: 23 43 46 57 58 59 64 65 66 67 68 72 90 133 233 485 510 430 426 427 444
283: 23 495 355
284: 23 92 105 200 213 250 265 729 591 686 725 434 542 393 543 429 329 420
285: 24 72 90 540 485 506 500 508
286: 24 58 67 199 213 289
287: 24 25 52 74 115 122 125 182 255 873 565 346 874 295 875 367 876 877 878 879 489 839
288: 24 192 263
289: 24 56 116 128 196 197 199 205 211 215 216 219 221 286 584 401 780 781 786 327
290: 24 122 671 355 693 880 837 694 838 495 668
291: 24 85 105 201 203 204 205 446 592 336 322 725 547
292: 24 182
293: 24 40 49 56 128 194 201 204 214 217 259 414 783
294: 24
295: 24 287 495 875
296: 24 48 108 182 308 881
297: 24 120 131 162 165 172 882 699 441 584 877
298: 25 230 429 590 443 883 884
299: 25 140 143 276 756 726 431 542 398 730 332 393 396 590 552 885 886 410 788 434 571 887 888 389 884 729 725 316 429 386 409 333 504
300: 25 140 152 185 267 573 392 545 371 688 414
301: 25 82 482 849 847 331
302: 25 136 811
303: 25 42 49 128 243 380 341 468 382 889 384 385 387 890 891 322 892 893 393 894 895 383 381 386 896 439
304: 27 897 329
305: 27 116 128 233 235 237 259 308 676 330 729 393 520 307 438
306: 27 82 233 239 240 249 252 311 687 898 899 900 749
307: 27 105 116 213 265 305 901 438 435
308: 28 34 81 296 305 761 339 658 378 456 844 817 358 534 458 425 541 881 551 452
309: 28 413 479
310: 29 902 311 903 312
311: 29 135 306 310 312 329 314 899
312: 29 140 310 311 904 905 906 555 907 860 908 329
313: 29 39 132 136 140 142 795 315 404 397 712 909 910 457 911 350 711 378 765 718
314: 29 39 42 50 134 140 147 181 228 271 311 458 902 912 527 523 466 558 438
315: 29 313 795 457 611 348 396 712 468
316: 29 52 54 66 76 146 191 237 241 257 268 299 368 339 354 913 349 827 415 495 532 914 515 378 562 409 358 707 662
317: 30 49 55 129 194 196 599 780 322 321
318: 30
319: 30 915
320: 30 697 323 326 517 321
321: 30 49 105 128 137 202 252 317 320 916 692 429 363 697 324 322 442 323 325 435
322: 30 49 79 163 164 168 206 210 291 303 317 321 568 442 917 400 446 438 915 390 325 439 336
323: 30 77 192 203 277 320 321 697 640 326
324: 30 50 55 128 227 321 372 666 325
325: 30 49 128 194 201 321 322 324 328 363
326: 30 320 323 918 629 681
327: 30 49 56 85 104 130 162 176 196 197 198 206 207 212 274 289 592 578 584 390 629 401 595 780
328: 30 49 85 193 204 212 325 363
329: 31 54 122 125 140 185 284 304 311 312 333 581 673 420 415 433 331 543 335 355 542 384 332
330: 31 38 70 131 239 305 375 881 378 585 919 711
331: 31 54 105 122 132 145 185 248 251 301 329 333 420 339 564 336 433 423 543 775 384 827
332: 31 39 41 42 44 48 56 84 120 135 137 140 142 143 146 157 203 243 299 329 412 431 393 591 407 504 383 730 386 396 724 389 920 434 543 905 381 895 893
333: 31 42 45 50 52 54 78 81 104 105 112 140 157 196 200 251 255 259 271 276 299 329 331 336 532 543 545 420 372 658 574 861 921 434 390 558 870 641 335 922 337 364 470 564 381 513 384 466 743 457 410 489
334: 31 41 231 254 923 354 368 810 612 924 608 457 376 925 634
335: 31 42 52 56 105 157 201 202 204 218 245 251 329 333 543 420 650 532 926
336: 31 40 79 201 205 291 322 331 333 908 620 469
337: 31 42 47 333 927 383 433 409 356 468 778 503
338: 31 42 50 51 134 254 354 603 638 587 661 429
339: 31 72 102 106 281 308 316 331 928 554 340 354 761 929 930 344 565 931 545 932 368 484 576 933
340: 31 51 52 135 228 237 241 268 339 934 354 658 935 362 365 846 761
341: 32 44 62 76 183 267 303 384 936 889 896 891 892 736 385 393 937 416 357 573 908 380 890 571 938 364 578 382 884 413 512 389 371
342: 34 881
343: 34 208 446 400 698
344: 38 49 116 155 181 339 677 489 568 660 541 939 564 466 415 549
345: 38 350
346: 38 54 155 231 254 287 418 399 551 368 375
347: 38 590 940 941 942 356 943 743 944 746 945 946 748
348: 38 202 258 315 445 611 585
349: 38 45 69 140 316 947 523 362
350: 38 313 345 948 711 949 366
351: 38 46 52 58 72 94 134 163 270 632 727 705 368 687 829 554 870 844
352: 38 76 660 588 950 467 562 455 769 656 951 654 952 953
353: 38 41 51 72 275 538 568 501 954 578 392 841
354: 39 40 41 42 46 50 51 54 75 84 140 141 142 145 146 147 150 185 245 257 268 316 334 338 339 340 356 415 368 930 399 573 859 767 371 505 365 720 358 955
355: 39 40 41 42 45 70 112 122 142 224 237 255 271 273 283 290 329 357 356 956 666 957 958 501 392 468 402 489 495 694 693 367 416 532 691 959 838 668 671 874
356: 39 42 72 153 271 337 347 354 355 591 543 407 725 389 590 945 724 744 399 586 946 960 747 961 745 468 392 410 905 470 750 552 414
357: 39 341 355 889 383 416 891 896
358: 39 41 106 268 308 316 354 452 369 921 378 750 515 769 707 962 425 548
359: 40 183 521 711 765
360: 40 55 56 472 361
361: 40 49 80 105 166 193 194 196 201 204 206 210 214 360 796 400 436
362: 40 45 52 69 137 146 155 246 268 340 349 466 963 523 432 544
363: 40 49 193 199 215 218 221 321 325 328 786 441
364: 40 56 144 148 185 196 207 213 333 341 472
365: 40 52 268 340 354 767 954 369 962
366: 40 51 213 350
367: 40 48 50 52 115 125 135 183 241 250 255 287 355 688 687 672 767 468 470 675 964 495 965 532 838 489 966 693 879
368: 41 50 51 66 134 227 262 268 316 334 339 346 351 354 369 962 392 864 660 372 953 415 929
369: 41 72 91 257 268 358 365 368 954 452 579
370: 41 102 395 872 609 417
371: 41 62 145 146 149 152 185 203 300 341 354 416 503 736
372: 41 42 134 145 271 279 280 324 333 368 538 378 467 730
373: 41 46 57 58 62 68 72 243 704 429
374: 41
375: 41 155 330 346 391
376: 41 73 94 96 137 234 266 334 454 612 417 608 967 634 968 610 734 969 397 970 421 630 403 971 606 457 872 429 378
377: 41 134 155 262 972 585 445 429 882 973
378: 41 42 54 73 86 105 148 155 204 227 233 244 270 275 308 313 316 330 358 372 376 753 454 661 391 585 648 413 588 974 390 975 713 389 467 750 662
379: 41 248 833 809 659
380: 42 303 341 385 784 381 382 976 387
381: 42 82 143 183 303 332 333 380 393 504 384 387 383 382 385 890 591 730 386 784 413 552 892
382: 42 274 303 341 380 381 387 784 936 384 385 383 386 977 890 578 593
383: 42 44 303 332 337 357 381 382 384 386 387 504 884
384: 42 183 303 329 331 333 341 381 382 383 892 385 386 393 938 387 784 409 896 543 407 796 578 891
385: 42 303 341 380 381 382 384 890 726 386 784 393 387 896
386: 42 44 299 303 332 381 382 383 384 385 730 504 387
387: 42 135 144 303 380 381 382 383 384 385 386 938 591
388: 42 83 276 404 859 890 958 833 591 396
389: 42 185 299 332 341 356 378 726 434 410 809 884 413 633 788 431 729 396 724 978 885 542 886 756 552 571 887 888
390: 42 49 56 105 116 176 194 196 197 204 205 207 216 220 274 322 327 333 378 725 802 446 786 584 781
391: 42 106 158 375 378 752 657 458 418 979 835 840
392: 42 56 241 248 271 280 300 353 355 356 368 980 538 902 953 846
393: 42 58 183 276 284 299 303 305 332 341 381 384 385 504 892 730 895 893 981 920 894 976 982 983 439 443
394: 42 135
395: 42 158 268 370 661 753 752 767 984 846
396: 42 72 76 90 140 143 147 153 187 243 299 315 332 388 389 745 944 412 743 434 756 504 552 410 985 986 958 890 571 724 466 943 747 542 748 892
397: 42 135 313 376 457 421 468
398: 42 85 271 299 976 756 942 958
399: 42 45 46 202 228 246 270 346 354 356 840 960 572 701
400: 42 79 80 105 194 206 210 322 343 361 574 581
401: 42 80 85 130 162 193 198 205 211 212 215 219 289 327 987 699 584 436 698 802 441 798
402: 42 52 355 988 657 434 905 989
403: 42 376 578 697 545 968 468
404: 42 50 101 104 142 150 209 210 228 271 313 388 573 434 677 990
405: 43 81 82 240 429
406: 44 731 407 408
407: 44 332 356 384 406 408 411 991 410 775 552 730 992
408: 44 406 407 904 731 409 908 646 775 725
409: 44 299 316 337 384 408 892 431 591 705 726 410 411 434 729 859
410: 44 143 227 299 333 356 389 396 407 409 726 892 993 434 413 788 543 411 542 937 431
411: 44 143 407 409 410 540 552 773
412: 44 153 332 396 590 943 743 745 552 413 726 724
413: 44 52 73 137 143 276 309 341 378 381 389 410 412 983 884 590 724 552
414: 44 46 105 186 276 293 300 356 749 434
415: 45 106 155 235 241 268 275 279 316 329 344 354 368 914 827 652 662 549 452 507 538 535 705 568
416: 45 145 185 203 341 355 357 371 851 573
417: 45 279 370 376 872 750 457 612
418: 45 134 155 242 260 346 391 994 484 605 995 523 755
419: 45 848 486 808 564 513 460
420: 45 57 73 77 105 137 251 259 284 329 331 333 335 543 574 775
421: 45 376 397 609
422: 45 73 824 957 996 554 564 447
423: 45 72 257 331 997 660
424: 45
425: 45 106 210 268 308 358 659 840 929 430 817
426: 46 57 58 59 66 69 72 90 282
427: 46 63 71 90 282 508 507 998 509 908 476 864 999 500 868 1000 517
428: 46 146 238
429: 46 71 86 122 125 128 186 214 250 284 298 299 321 338 373 376 377 405 454 898 884 1001 554 460 919 543 817 775 520 546 632 1002
430: 46 59 65 67 68 90 282 425 497 500 499 485 510
431: 46 135 243 299 332 389 409 410 756 904 892 1003
432: 46 69 362 932 963 907 1004 1005 860 610 822
433: 47 252 329 331 337 687 543 927 802
434: 48 159 239 271 284 299 332 333 389 396 402 404 409 410 414 886 571 887 788 726 542 993 885 552 756 888 884 729 748 636 540 724 468 687 504
435: 49 116 128 307 321 691
436: 49 361 401
437: 49 56 105 130 213 251 274 439
438: 49 201 204 214 305 307 314 322 729 501 725 552
439: 49 58 105 116 128 194 196 206 210 216 218 233 263 274 303 322 393 437 1006 650
440: 49 240 444 640
441: 49 118 198 212 297 363 401 882 699 698 517 806 584
442: 49 321 322
443: 50 137 142 230 240 248 298 393 809 775 834 749 444 504 539
444: 50 69 70 91 233 237 240 282 440 443
445: 51 134 155 348 377 586 451 588 461 448 568
446: 51 105 116 127 133 192 193 196 204 205 206 208 210 263 274 291 322 343 390 468 695 915 594 641
447: 51 73 238 264 422 824 484 564 996 482 1007 477 475 816
448: 51 134 445
449: 51 456
450: 51 459 731
451: 51 275 279 445 507 772 500 950 1008 662 538 836
452: 52 81 106 137 235 241 243 268 308 358 369 415 688 657 654 1009 455 1010 515 1011 914 652 656 663 588 662 456
453: 52 238 484 564 687
454: 52 54 81 86 89 93 95 115 137 189 191 229 376 378 429 623 821 1012 624 625 603 1013 622 621 1014 604 704 464 598 708 578
455: 52 72 188 352 452 588 654 515 660
456: 52 235 241 308 449 452 1009 817 761
457: 52 94 96 135 313 315 333 334 376 397 417 923 468
458: 52 106 235 257 260 275 276 308 314 391 1015 1001 1016 603 707 548 632 840
459: 52 137 450 1017 700 1018 980 1019 701 840 842
460: 52 81 82 131 238 419 429 757 533 564 554 1020 995 471 513 484 1021 486 848 1022 922 1023 477 1024 1025 487 1026 1027 1002
461: 52 445 632
462: 54 76 990 1009 1028 818
463: 54
464: 54 89 189 191 237 454 821 624 774 626 603 1029 625 1013
465: 54 93 602 545
466: 54 69 74 76 187 241 314 333 344 362 396 765 711 549 523 638 1030 1031
467: 54 73 76 106 135 188 352 372 378 660 588 770 769 654 952 819 468 549 470 1010
468: 55 75 101 105 116 130 208 303 315 337 355 356 367 397 403 434 446 457 467 1032 932 649 1033 912 489 836 558 965 573 552
469: 55 118 336
470: 56 61 68 116 132 200 244 274 333 356 367 467 500 810 501 521 836
471: 56 460 513 757 808 848 1034 545
472: 56 105 196 204 212 213 219 259 360 364 696
473: 56 196 207
474: 56 201 202 213
475: 57 65 133 241 447 709 1020 1035 1007 849 554 483
476: 57 62 63 65 427 870 480 485 508 757
477: 57 65 447 460 996 483 933 1020 995 1036 486
478: 57 564
479: 57 309 480 1037 957 554 481 849 564
480: 57 135 476 479 1037 957 483 811 996 875 675
481: 57 65 131 134 479 709 1038 487 663 706 691 564 847 1039 554
482: 57 301 447 868 849 995
483: 57 64 65 475 477 480 1040 487 491 522 1041 497 607 709 484 1042 1008 564 499 1035 1043 1022 486 995 869
484: 57 241 339 418 447 453 460 483 486 709 564 995 549 870 871 1024
485: 57 60 61 64 65 67 68 90 282 285 430 476 510 605 508
486: 57 419 460 477 483 484 565 757 922 1020 995 513 848 1023 1036
487: 57 134 238 460 481 483 564 757 1026 1044 1045
488: 58
489: 58 163 195 255 287 333 344 355 367 468 495 874 694 675 689 878 1046
490: 58 67 170 491
491: 58 67 483 490 497 607 522 1041 632 517
492: 58 70 166
493: 58
494: 58
495: 58 70 223 224 283 290 295 316 355 367 489 806 874 689 1047 875 668 878 694
496: 59 979
497: 59 430 483 491 607 1041
498: 59 1048 764 700 979 499
499: 59 256 430 483 498 1001 1049 701
500: 61 68 69 72 285 427 430 451 470 607 539 506 537 507 562 730 508
501: 61 104 132 171 217 244 273 353 355 438 470 660 643 638 821 549 818
502: 61
503: 62 105 192 203 204 214 237 263 267 337 371 505 573 651
504: 62 74 135 140 142 143 239 243 299 332 381 383 386 393 396 434 443 1050 730 893 892 981 920 724 726 895 833 549 552
505: 62 74 140 146 149 354 503 736 573 741
506: 63 64 69 285 500 525 509
507: 63 72 90 147 415 427 451 500 509 890 607 562 540 517 999 942
508: 63 71 285 427 476 485 500 511 755 607 718 509
509: 63 69 427 506 507 508 521 1050 712
510: 64 65 68 72 90 282 430 485
511: 65 68 71 72 508
512: 65 198 248 341 698 908 904 1051 889 775 809 834 896 833 992
513: 65 238 333 419 460 471 486 848 808 757 1034 564
514: 65 1052
515: 66 316 358 452 455 771
516: 67
517: 67 118 320 427 441 491 507
518: 67 85 88 193 215 227 592 594 600 601 599 532 836
519: 67
520: 68 82 137 305 429
521: 69 359 470 509 765 711 578 1016 529
522: 69 483 491 607
523: 69 314 349 362 418 466 822 1053 765 528 570 546
524: 69 135 578
525: 69 506
526: 69
527: 69 314 902 529 558 912 1054
528: 69 73 226 523 765 822 549
529: 69 521 527 558 903
530: 70 950
531: 70 881
532: 70 110 113 117 120 167 168 182 218 227 237 280 316 333 335 355 367 518 705 687 1055 831 680 654
533: 71 136 460 757 612
534: 72 233 308
535: 72 415 1056
536: 72 131
537: 72 500
538: 72 106 353 372 392 415 451 950 1057
539: 72 443 500
540: 72 150 285 411 434 507
541: 72 235 308 344 549 1009
542: 72 284 299 329 389 396 410 434 756 725 726 552 729 888 833 886
543: 73 122 284 329 331 332 333 335 356 384 410 420 429 433 558 617 581 721 687 1034 709
544: 73 362
545: 73 105 122 135 200 217 300 333 339 403 465 471 581 709 721 641
546: 73 429 523 1053 1058 569
547: 73 132 291
548: 73 358 458
549: 74 181 186 223 344 415 466 467 484 501 504 528 541 831 568 564 660 1059 551 765 816
550: 74
551: 74 183 308 346 549 765
552: 74 299 356 381 389 396 407 411 412 413 434 438 468 504 542 726 885 886 756 788 571 887 888 729 725 730 590 884
553: 74 76 568 1060 663 1061 853
554: 74 81 101 137 278 339 351 422 429 460 475 479 481 869 928 849 1062 1007 565 709 824 868 564
555: 74 124 221 248 312 860 833 687 1063 1009 775 592 834
556: 75 144 267 573
557: 75 152 267 573 721 720
558: 75 314 333 468 527 529 543 912 903 1054 902
559: 75 144 152 185 741
560: 75 212 1064
561: 75 912 902 1054 1065 860 1066
562: 76 188 316 352 500 507 588 654 660 568 769 677 578
563: 76 120 121 165 168 172 182
564: 76 238 264 278 331 333 344 419 422 447 453 460 478 479 481 483 484 487 513 549 554 996 869 995 762 868 824 849 578 848 709 957 808 660 1026
565: 76 133 136 287 339 486 554 816 824 1038
566: 76 183 190 567 882
567: 76 87 183 187 190 566
568: 76 94 135 235 257 268 279 322 344 353 415 445 549 553 562 656 598 1061 660 954
569: 76 110 114 117 119 120 124 185 546 669
570: 76 523
571: 76 299 341 389 396 434 552 595 888 885 886 788 756 887 726
572: 76 184 256 399 612 960 980 659
573: 76 84 140 145 146 147 148 149 150 152 185 190 203 267 300 341 354 404 416 468 503 505 556 557 710 851
574: 77 92 333 400 420
575: 78
576: 79 136 339
577: 79 80
578: 80 105 142 150 185 188 189 211 218 227 242 327 341 353 382 384 403 454 521 524 562 564 1067 1068 611 1069 671 656 1070 603 604 659 1071 811 866 891 715
579: 80 184 369 844
580: 80 186
581: 80 329 400 543 545 686
582: 80 101 757
583: 80
584: 80 161 162 171 176 177 198 289 297 327 390 401 441 806 780 699
585: 81 131 134 137 155 233 237 241 246 254 270 330 348 377 378 663 677 706 691 983 700
586: 81 134 135 155 202 356 445 883 638
587: 81 338 1031 1072
588: 81 82 106 137 188 241 243 269 352 378 445 452 455 467 562 952 654 953 770 769 656 660 951 655 819 772 1073 954 687
589: 82 187 662
590: 83 143 153 233 239 298 299 347 356 412 413 552 940 743 747 945 744 961 946 748 724 591 756 730
591: 84 142 143 153 239 243 276 284 332 356 381 387 388 409 590 724 945 726 744 725 743 746
592: 85 193 215 219 222 291 327 518 555 1074 595 650 594 895 725
593: 85 116 274 382 1075 745 1076 695
594: 85 88 127 193 198 204 205 215 222 274 446 518 592 600 648 599 601 695
595: 85 219 327 571 592 725
596: 85 105 200 208 209 742 786
597: 86 94 598
598: 86 94 98 100 135 266 279 454 568 597 708 1032 715 925 621 1077 654 1062 623 741 953 603
599: 88 193 196 216 218 221 317 518 594 786 601 780
600: 88 193 518 594 742 725 965
601: 88 193 518 594 599 1046
602: 89 93 99 183 189 465 623 622
603: 89 90 93 186 338 454 458 464 578 598 621 855 741 630
604: 89 90 183 454 578 621
605: 90 418 485
606: 90 94 135 376 872
607: 90 134 233 483 491 497 500 507 508 522 1041
608: 90 334 376 924 634 985
609: 90 370 421 872
610: 90 96 376 432 822 1078 967 612 1079
611: 91 131 315 348 578 1001 614
612: 91 96 136 256 334 376 417 533 572 610 968 1080 1081 985 923 1082 1083 1084
613: 91 230 1019
614: 91 103 131 256 269 611 854 700
615: 91
616: 92
617: 92 132 200 543 1085
618: 92
619: 92
620: 92 270 336
621: 93 454 598 603 604 737
622: 93 189 191 454 602 623 1013
623: 93 189 454 598 602 622
624: 93 237 454 464 821
625: 93 183 454 464 677
626: 93 464
627: 93 98 636
628: 93
629: 93 118 198 207 218 326 327 683 640
630: 94 376 603 872
631: 94 237
632: 94 95 270 351 429 458 461 491
633: 94 143 163 233 237 243 389 730 859
634: 96 334 376 608 985 924 872 969 1078
635: 98
636: 98 434 627 737 1014
637: 101
638: 101 132 186 338 466 501 586 677
639: 103 186
640: 104 218 323 440 629
641: 105 129 200 333 446 545 643 642 646 645
642: 105 116 198 200 210 215 216 641 643
643: 105 129 200 501 641 642 645
644: 105
645: 105 200 641 643
646: 105 200 408 641
647: 105 127 198 200 221 787 783 786
648: 105 116 127 205 208 378 594 792 695
649: 105 127 140 142 158 194 199 468 660 773 783
650: 105 201 214 219 335 439 592 775 696 698
651: 105 503 1086
652: 106 415 452
653: 106 853
654: 106 188 279 352 452 455 467 532 562 588 598 660 770 769 656 772
655: 106 588
656: 106 352 452 568 578 588 654 769 953
657: 106 268 391 402 452 825 979 846 661 752
658: 106 308 333 340 935 1087 1088 987 1089
659: 106 256 268 379 425 572 578 853
660: 106 188 233 257 344 352 368 423 455 467 501 549 562 564 568 588 649 654 769 772 1060 962 664 677
661: 106 158 338 378 395 657 754 1084 752 704 984
662: 106 137 156 235 316 378 415 451 452 589 715
663: 106 134 188 268 452 481 553 585 706 691 1090
664: 106 660 1091
665: 106 990
666: 107 259 324 355
667: 107
668: 107 115 290 355 495 880 694
669: 110 114 119 120 179 569
670: 112
671: 112 195 280 290 355 578 836 778 1092
672: 113 130 210 259 367
673: 115 329
674: 115 224
675: 115 195 224 367 480 489 875 1047 694
676: 116 210 305
677: 116 131 155 213 254 344 404 562 585 625 638 660
678: 116 196 223
679: 116
680: 116 128 211 532 1093
681: 116 326
682: 117 136
683: 118 629
684: 118 126
685: 120
686: 122 284 581
687: 122 156 199 250 306 351 367 433 434 453 532 543 555 588 1007 704 703 692 698 1067 1001
688: 122 214 300 367 452 884
689: 122 273 489 495 694
690: 124
691: 124 134 168 196 355 435 481 585 663 975 706 853
692: 125 149 200 214 219 233 321 687 884
693: 125 135 290 355 367 1086
694: 125 195 255 277 280 290 355 489 495 668 675 689 1094
695: 127 196 198 206 219 274 446 593 594 648 696 786
696: 127 216 219 472 650 695
697: 128 320 321 323 403 775 790
698: 130 192 198 205 207 210 211 212 215 219 343 401 441 512 650 687 790 797 801
699: 130 162 297 401 441 584 1095 806 987 879
700: 131 183 459 498 585 614 840
701: 131 269 399 459 499 840 1096
702: 131 156 237 250 269
703: 131 687 783
704: 131 373 454 661 687 775
705: 134 194 237 351 409 415 532 996 1097
706: 134 481 585 663 691 994 847 1098 1043 1038 1039 755
707: 134 237 316 358 458 853 1010 825 954
708: 134 454 598
709: 134 238 475 481 483 484 543 545 554 564 816 1038 1035 1098 849
710: 135 267 573 721 851 733 732
711: 135 137 186 233 252 269 313 330 350 359 466 521 861 1050 900
712: 135 313 315 509 795
713: 135 378
714: 135 1099 988
715: 135 183 578 598 662 950
716: 136 256
717: 136
718: 136 260 313 508 812
719: 140 141 148 267 908
720: 140 147 354 557
721: 140 149 543 545 557 710
722: 140
723: 141 142 143 152 737
724: 142 183 332 356 389 396 412 413 434 504 590 591 945 744 940 747 986 1100 958 941 746 946
725: 143 199 219 284 291 299 356 390 408 438 542 552 591 592 595 600 726 729 798 787 730
726: 143 183 299 385 389 409 410 412 434 504 542 552 571 591 725 729 978 885 886 756 788 887 888
727: 143 351
728: 143 731 992 1003 976
729: 143 284 299 305 389 409 434 438 542 552 725 726 859
730: 143 299 332 372 381 386 393 407 500 504 552 590 633 725 756 983 945 982 981
731: 143 406 408 450 728 974 1003 992
732: 144 710
733: 144 710
734: 144 376 821
735: 145 152
736: 145 185 341 371 505 937
737: 146 149 152 621 636 723
738: 147 793
739: 147 152
740: 152
741: 152 157 505 559 598 603
742: 152 185 222 596 600 965
743: 153 333 347 396 412 590 591 748 945 944 746
744: 153 356 590 591 724 746 945 745 783 748
745: 153 356 396 412 593 744 940 748 945 746
746: 153 347 591 724 743 744 745 945 748
747: 153 356 396 590 724
748: 153 347 396 434 590 743 744 745 746 940 1075
749: 157 306 414 443
750: 158 271 356 358 378 417 872
751: 158
752: 158 391 395 657 661
753: 158 378 395 754
754: 158 661 753 812
755: 158 260 418 508 706
756: 159 276 299 389 396 398 431 434 542 552 571 590 726 730 885 886 788 887 888 775
757: 160 460 471 476 486 487 513 533 582 1045 1027 808 1101 1020 1025 848 1026
758: 160
759: 160
760: 163
761: 176 308 339 340 456 935 930
762: 182 564
763: 182
764: 183 498 1048
765: 183 313 359 466 521 523 528 549 551 795 822 1102 1053
766: 183 187 774
767: 185 268 354 365 367 395
768: 186 1103
769: 188 256 352 358 467 562 588 654 656 660 770 953
770: 188 467 588 654 769 819 975 1073
771: 188 515 1104 953
772: 188 451 588 654 660 819
773: 189 411 649 976
774: 189 464 766 896
775: 192 193 198 217 230 248 331 407 408 420 429 443 512 555 650 697 704 756 833 884 809 834
776: 192 240
777: 194 196
778: 195 337 671
779: 196
780: 196 197 198 199 215 216 218 221 289 317 327 584 599 786
781: 196 211 289 390
782: 197
783: 198 205 293 647 649 703 744 786
784: 199 380 381 382 384 385 890 936 885 895 891
785: 199
786: 199 215 216 221 289 363 390 596 599 647 695 780 783
787: 200 647 725
788: 200 299 389 410 434 552 571 726 756 885 886 887 888
789: 203
790: 204 219 697 698
791: 204
792: 205 208 211 212 219 648
793: 212 213 738 1067 1069 1005 1105 1078
794: 212 217 809
795: 212 313 315 712 765 1066 903
796: 213 361 384
797: 213 698
798: 216 401 725
799: 218 926
800: 219
801: 219 698
802: 220 390 401 433 1106
803: 222
804: 222
805: 223
806: 224 225 441 495 584 699
807: 227 850
808: 228 419 471 513 564 757 1097 848 1034 1023
809: 230 248 379 389 443 512 775 794 833 834
810: 231 254 334 470
811: 233 302 480 578 1037 957
812: 233 239 718 754 846
813: 233 239
814: 233 825
815: 233 270
816: 233 270 447 549 565 709 849 847 823
817: 234 308 425 429 456
818: 235 462 501 990
819: 237 467 588 770 772 953 1058 952
820: 237 853
821: 237 454 464 501 624 734
822: 237 432 523 528 610 765 1053
823: 238 816
824: 238 278 422 447 554 564 565 1036 870 868 1107
825: 239 657 707 814
826: 240 243
827: 241 316 331 415
828: 242 1062
829: 243 270 351
830: 243
831: 243 532 549 976
832: 244
833: 248 379 388 504 512 542 555 775 809 834 908
834: 248 443 512 555 775 809 833 1108
835: 251 391
836: 255 271 451 468 470 518 671 1109 859 1010 1110 1111
837: 255 290 838 880
838: 255 290 355 367 837
839: 255 287
840: 256 391 399 425 458 459 700 701 980
841: 256 353
842: 256 459
843: 257
844: 257 308 351 579
845: 260
846: 260 340 392 395 657 812
847: 264 278 301 481 706 816 1098 1043 1035 1039
848: 264 278 419 460 471 486 513 564 757 808 1045 1098 1034
849: 264 301 475 479 482 554 564 709 816 1035 1043 1037 1098
850: 265 807
851: 267 416 573 710
852: 267
853: 268 553 653 659 691 707 820 929
854: 269 614 869
855: 269 603 1112 871 923 868 869
856: 270
857: 270
858: 270
859: 271 276 354 388 409 633 729 836 1113
860: 271 312 432 555 561 963 1005 907
861: 271 333 711 1050 989 988
862: 273
863: 274
864: 275 368 427
865: 276 976 1113
866: 276 578
867: 277
868: 278 427 482 554 564 824 855 869 1112 870
869: 278 483 554 564 854 855 868 1112
870: 278 333 351 476 484 824 868 1035 871 1114 1038
871: 278 484 855 870
872: 279 370 376 417 606 609 630 634 750
873: 287
874: 287 355 489 495 1115
875: 287 295 480 495 675
876: 287
877: 287 297
878: 287 489 495 1095
879: 287 367 699
880: 290 668 837
881: 296 308 330 342 531
882: 297 377 441 566
883: 298 586
884: 298 299 341 383 389 413 429 434 552 688 692 775 1116
885: 299 389 434 552 571 726 756 784 788 886 887 888
886: 299 389 434 542 552 571 726 756 788 885 887 888
887: 299 389 434 552 571 726 756 788 885 886 888
888: 299 389 434 542 552 571 726 756 788 885 886 887
889: 303 341 357 512 896 936 891
890: 303 341 381 382 385 388 396 507 784 1117 978
891: 303 341 357 384 578 784 889 907 896
892: 303 341 381 384 393 396 409 410 431 504
893: 303 332 393 504
894: 303 393 981 1011 983 895 976 920 982
895: 303 332 393 504 592 784 894 981 976 983 920
896: 303 341 357 384 385 512 774 889 891 936 924
897: 304
898: 306 429 1118
899: 306 311 900
900: 306 711 899 1058
901: 307
902: 310 314 392 527 558 561 1066 912
903: 310 529 558 795
904: 312 408 431 512 1051 908
905: 312 332 356 402
906: 312
907: 312 432 860 891 1004 1005 1067 1069 911
908: 312 336 341 408 427 512 719 833 904 992 1003
909: 313
910: 313 1069 1067 1005 1105 1078
911: 313 907
912: 314 468 527 558 561 902 1066 1065 1054
913: 316
914: 316 415 452
915: 319 322 446
916: 321
917: 322
918: 326
919: 330 429 1119
920: 332 393 504 894 895 981 983
921: 333 358 1090
922: 333 460 486 1002
923: 334 457 612 855 1023
924: 334 608 634 896 985
925: 334 598
926: 335 799
927: 337 433
928: 339 554 1062
929: 339 368 425 853
930: 339 354 761 1120
931: 339 1011 1121
932: 339 432 468 963 1005
933: 339 477
934: 340
935: 340 658 761 987 1087
936: 341 382 784 889 896
937: 341 410 736
938: 341 384 387
939: 344
940: 347 590 724 745 748 941 946
941: 347 724 940 942
942: 347 398 507 941 958
943: 347 396 412
944: 347 396 743
945: 347 356 590 591 724 730 743 744 745 746
946: 347 356 590 724 940
947: 349
948: 350
949: 350
950: 352 451 530 538 715 952
951: 352 588
952: 352 467 588 819 950
953: 352 368 392 588 598 656 769 771 819
954: 353 365 369 568 588 707 962
955: 354
956: 355
957: 355 422 479 480 564 811 1037 995 996
958: 355 388 396 398 724 942 1063 1100 986
959: 355
960: 356 399 572 1122
961: 356 590
962: 358 365 368 660 954
963: 362 432 860 932
964: 367
965: 367 468 600 742
966: 367
967: 376 610
968: 376 403 612 1084 1080
969: 376 634
970: 376
971: 376
972: 377
973: 377
974: 378 731
975: 378 691 770
976: 380 393 398 728 773 831 865 894 895 981 983
977: 382
978: 389 726 890
979: 391 496 498 657 1123
980: 392 459 572 840 1068
981: 393 504 730 894 895 920 976 1124 983
982: 393 730 894
983: 393 413 585 730 894 895 920 976 981
984: 395 661
985: 396 608 612 634 924
986: 396 724 958
987: 401 658 699 935 1087
988: 402 714 861 1050
989: 402 861 1050
990: 404 462 665 818 1009
991: 407
992: 407 512 728 731 908 1003
993: 410 434
994: 418 706
995: 418 460 477 482 483 484 486 564 957 1043 1112 996 1026
996: 422 447 477 480 564 705 957 995
997: 423 1123
998: 427 1125
999: 427 507
1000: 427
1001: 429 458 499 611 687 1049 1126
1002: 429 460 922
1003: 431 728 731 908 992
1004: 432 907 1067 1005 1069 1105
1005: 432 793 860 907 910 932 1004 1067 1069 1105 1070
1006: 439
1007: 447 475 554 687
1008: 451 483
1009: 452 456 462 541 555 990 1127
1010: 452 467 707 836
1011: 452 894 931
1012: 454
1013: 454 464 622
1014: 454 636
1015: 458
1016: 458 521
1017: 459 1068 1019
1018: 459
1019: 459 613 1017 1068
1020: 460 475 477 486 757
1021: 460
1022: 460 483
1023: 460 486 808 923 1128
1024: 460 484 1097
1025: 460 757
1026: 460 487 564 757 995 1045
1027: 460 757
1028: 462
1029: 464
1030: 466
1031: 466 587
1032: 468 598 1069 1078
1033: 468
1034: 471 513 543 808 848
1035: 475 483 709 847 849 870 1043 1039 1098 1038
1036: 477 486 824
1037: 479 480 811 849 957
1038: 481 565 706 709 870 1035
1039: 481 706 847 1035 1043 1098
1040: 483
1041: 483 491 497 607
1042: 483
1043: 483 706 847 849 995 1035 1039 1098
1044: 487
1045: 487 757 848 1026 1112
1046: 489 601
1047: 495 675
1048: 498 764
1049: 499 1001
1050: 504 509 711 861 988 989
1051: 512 904
1052: 514
1053: 523 546 765 822 1129
1054: 527 558 561 912
1055: 532
1056: 535
1057: 538
1058: 546 819 900
1059: 549
1060: 553 660
1061: 553 568
1062: 554 598 828 928
1063: 555 958
1064: 560
1065: 561 912
1066: 561 795 902 912 1105
1067: 578 687 793 907 910 1004 1005 1070 1069 1105 1078
1068: 578 980 1017 1019
1069: 578 793 907 910 1004 1005 1032 1067 1105 1070 1078
1070: 578 1005 1067 1069 1105
1071: 578
1072: 587
1073: 588 770 1130
1074: 592
1075: 593 748
1076: 593
1077: 598
1078: 610 634 793 910 1032 1067 1069 1079
1079: 610 1078
1080: 612 968 1084 1131
1081: 612
1082: 612
1083: 612
1084: 612 661 968 1080
1085: 617
1086: 651 693
1087: 658 935 987 1132
1088: 658 1089
1089: 658 1088
1090: 663 921
1091: 664
1092: 671
1093: 680
1094: 694
1095: 699 878
1096: 701 1133
1097: 705 808 1024
1098: 706 709 847 848 849 1035 1039 1043 1112
1099: 714
1100: 724 958
1101: 757
1102: 765
1103: 768
1104: 771
1105: 793 910 1004 1005 1066 1067 1069 1070
1106: 802
1107: 824
1108: 834
1109: 836
1110: 836
1111: 836
1112: 855 868 869 995 1045 1098
1113: 859 865
1114: 870
1115: 874
1116: 884
1117: 890
1118: 898
1119: 919
1120: 930
1121: 931
1122: 960
1123: 979 997
1124: 981
1125: 998
1126: 1001
1127: 1009
1128: 1023
1129: 1053
1130: 1073
1131: 1080
1132: 1087
1133: 1096 1133
