379
30: 31 32 33 34 54 131 327 402 840 894 
31: 30 32 
32: 30 31 
33: 30 34 51 52 53 54 131 132 133 134 190 375 376 377 464 485 488 489 507 508 509 561 562 839 840 1008 1190 1191 1228 1229 1295 1529 1550 1551 
34: 30 33 53 54 131 132 133 134 561 562 652 654 655 657 756 760 761 762 763 839 840 865 1130 1190 1191 1550 1551 
54: 30 33 34 51 52 53 132 133 134 488 489 561 562 839 840 1190 1191 1228 1229 1529 1550 
131: 30 33 34 203 
327: 30 326 328 329 402 416 417 596 894 1189 1404 1405 1406 1407 1408 
402: 30 277 278 327 328 401 403 404 405 416 417 894 
840: 30 33 34 54 1190 1191 
894: 30 327 402 
51: 33 52 53 54 55 56 57 58 1008 
52: 33 51 53 54 
53: 33 34 51 52 54 132 133 134 561 562 1024 1025 1315 1468 1469 1470 
132: 33 34 53 54 133 134 561 562 1228 1229 
133: 33 34 53 54 132 134 561 562 
134: 33 34 53 54 132 133 561 562 
190: 33 507 508 509 
375: 33 376 377 378 1263 1295 
376: 33 375 377 378 1263 1295 
377: 33 375 376 378 1263 1295 1347 1348 
464: 33 465 466 
485: 33 
488: 33 54 489 
489: 33 54 488 
507: 33 190 508 509 
508: 33 190 507 509 
509: 33 190 507 508 
561: 33 34 53 54 132 133 134 562 
562: 33 34 53 54 132 133 134 561 
839: 33 34 54 
1008: 33 51 
1190: 33 34 54 840 1191 
1191: 33 34 54 840 1190 
1228: 33 54 132 1229 
1229: 33 54 132 1228 
1295: 33 375 376 377 
1529: 33 54 
1550: 33 34 54 1551 
1551: 33 34 1550 
652: 34 653 654 655 656 657 893 
654: 34 55 56 652 653 655 656 657 774 863 864 865 893 1130 
655: 34 652 653 654 656 657 893 
657: 34 652 654 655 774 1130 
756: 34 78 757 758 759 760 761 762 763 764 765 775 892 1123 
760: 34 756 
761: 34 756 762 763 764 765 774 775 776 892 
762: 34 756 761 763 
763: 34 756 761 762 
865: 34 654 
1130: 34 654 657 774 
44: 45 46 
45: 44 46 609 610 611 612 
46: 44 45 78 191 192 193 194 428 596 1361 1362 1363 
609: 45 610 611 612 
610: 45 609 
611: 45 609 612 
612: 45 609 611 
78: 46 77 79 80 121 281 305 306 307 308 309 370 371 490 641 646 756 759 853 1005 1121 1122 1123 1172 1195 1196 1197 
191: 46 192 193 194 
192: 46 191 193 
193: 46 191 192 
194: 46 191 955 956 1135 1136 1137 1138 1384 1385 
428: 46 429 1361 1362 
596: 46 327 416 
1361: 46 428 1362 
1362: 46 428 1361 
1363: 46 
47: 48 49 50 
48: 47 49 50 216 217 218 
49: 47 48 50 
50: 47 48 49 
216: 48 136 217 218 219 220 221 222 223 224 251 252 345 346 347 516 788 1041 1452 
217: 48 216 218 251 252 
218: 48 216 217 219 220 224 251 252 1041 
55: 51 56 90 184 547 654 893 934 1461 
56: 51 55 184 547 654 893 934 1461 
57: 51 58 685 
58: 51 57 
1024: 53 1025 
1025: 53 1024 
1315: 53 1312 1313 1314 1316 1468 1469 1470 
1468: 53 1315 1469 1470 
1469: 53 1315 1468 1470 
1470: 53 1315 1468 1469 
90: 55 
184: 55 56 185 186 
547: 55 56 329 546 1239 1389 
893: 55 56 652 654 655 
934: 55 56 
1461: 55 56 
685: 57 
69: 70 71 72 97 310 709 710 757 758 977 1082 1083 
70: 69 71 72 
71: 69 70 72 149 150 151 157 158 709 736 737 
72: 69 70 71 235 443 709 738 757 758 977 
97: 69 94 95 96 98 99 100 310 708 709 710 
310: 69 97 
709: 69 71 72 97 710 
710: 69 97 709 
757: 69 72 756 758 977 
758: 69 72 756 757 977 
977: 69 72 757 758 
1082: 69 1083 
1083: 69 1082 
149: 71 150 151 152 
150: 71 94 96 149 151 225 281 301 500 516 517 1177 1178 1221 1342 
151: 71 127 149 150 225 301 330 331 516 517 963 964 1088 1460 
157: 71 158 
158: 71 157 
736: 71 737 
737: 71 736 
235: 72 233 234 
443: 72 442 675 676 738 739 
738: 72 443 
77: 78 79 80 
79: 77 78 80 
80: 77 78 79 
121: 78 120 548 549 550 764 765 1030 1255 
281: 78 150 279 280 282 283 284 285 574 575 576 1081 1178 1342 1343 1344 1451 
305: 78 306 307 308 309 
306: 78 305 307 308 
307: 78 265 266 268 305 306 308 590 908 
308: 78 305 306 307 309 1039 1040 1549 
309: 78 305 308 371 490 491 493 
370: 78 371 
371: 78 309 370 759 866 867 
490: 78 309 491 492 493 
641: 78 
646: 78 853 
759: 78 371 756 
853: 78 646 
1005: 78 
1121: 78 1122 
1122: 78 1121 
1123: 78 756 
1172: 78 
1195: 78 1196 1197 
1196: 78 1195 1197 
1197: 78 1195 1196 
94: 95 96 97 98 99 100 150 225 708 
95: 94 96 97 98 
96: 94 95 97 98 99 100 150 225 700 701 702 708 1177 1481 1482 
98: 94 95 96 97 
99: 94 96 97 100 708 
100: 94 96 97 99 
225: 94 96 150 151 516 517 
708: 94 96 97 99 
700: 96 701 702 
701: 96 700 702 
702: 96 700 701 
1177: 96 150 
1481: 96 1482 
1482: 96 1481 
113: 114 
114: 113 1162 1163 
1162: 114 186 1163 1413 1414 1415 
1163: 114 1162 
120: 121 
548: 121 549 550 
549: 121 548 550 
550: 121 548 549 1030 
764: 121 756 761 765 775 892 1255 
765: 121 756 761 764 775 892 1255 
1030: 121 550 
1255: 121 764 765 
126: 127 128 770 771 772 773 
127: 126 128 151 517 770 771 772 773 1021 1022 1023 1460 
128: 126 127 1021 1022 1023 
770: 126 127 771 772 773 
771: 126 127 770 772 773 
772: 126 127 770 771 773 
773: 126 127 770 771 772 
517: 127 150 151 152 225 514 515 516 963 964 1341 1460 
1021: 127 128 1022 1023 
1022: 127 128 1021 1023 
1023: 127 128 1021 1022 
1460: 127 151 517 
203: 131 301 302 303 316 317 
135: 136 
136: 135 216 223 585 586 587 729 
223: 136 216 
585: 136 586 587 
586: 136 585 587 
587: 136 585 586 729 
729: 136 587 
152: 149 517 
301: 150 151 162 203 302 303 304 316 317 463 638 639 
500: 150 501 502 503 1221 
516: 150 151 216 225 346 514 515 517 674 788 1086 1087 1088 1089 
1178: 150 281 1342 
1221: 150 500 
1342: 150 281 1178 
330: 151 331 1214 1215 1216 1217 
331: 151 330 
963: 151 517 964 
964: 151 517 963 
1088: 151 516 1087 
162: 163 301 316 638 639 
163: 162 
316: 162 203 301 317 638 639 
638: 162 301 316 463 639 640 
639: 162 301 316 638 
185: 184 186 
186: 184 185 1162 1413 1414 1415 
1413: 186 1162 1414 1415 
1414: 186 1162 1413 1415 
1415: 186 1162 1413 1414 
955: 194 956 
956: 194 955 1135 1136 1137 1138 
1135: 194 956 1136 1137 1138 
1136: 194 956 1135 1137 
1137: 194 956 1135 1136 
1138: 194 956 1135 
1384: 194 1385 
1385: 194 1384 
302: 203 301 303 304 1182 
303: 203 301 302 499 1026 1416 1417 
317: 203 301 316 
219: 216 218 220 221 222 224 343 473 697 1145 1282 1283 1394 1395 1396 1397 1560 1561 
220: 216 218 219 221 222 224 
221: 216 219 220 222 343 1145 
222: 216 219 220 221 473 
224: 216 218 219 220 1041 
251: 216 217 218 252 
252: 216 217 218 251 345 346 347 
345: 216 252 346 347 
346: 216 252 345 347 516 788 
347: 216 252 345 346 
788: 216 346 516 
1041: 216 218 224 
1452: 216 
343: 219 221 342 344 697 1145 1394 1395 1396 1397 
473: 219 222 472 474 984 985 1091 1092 
697: 219 343 693 694 695 696 698 1145 1394 1395 1396 1397 
1145: 219 221 343 697 1282 1283 1394 1395 1396 1397 1560 1561 
1282: 219 1145 1283 
1283: 219 1145 1282 
1394: 219 343 697 1145 1395 1396 1397 
1395: 219 343 697 1145 1394 1396 1397 
1396: 219 343 697 1145 1394 1395 1397 
1397: 219 343 697 1145 1394 1395 1396 
1560: 219 1145 1561 
1561: 219 1145 1560 
233: 234 235 
234: 233 235 
262: 263 264 265 266 267 268 269 
263: 262 264 265 266 267 268 269 944 945 
264: 262 263 265 266 267 268 269 
265: 262 263 264 266 267 268 269 307 908 944 945 
266: 262 263 264 265 267 268 269 307 908 944 945 
267: 262 263 264 265 266 268 269 
268: 262 263 264 265 266 267 269 307 908 944 945 
269: 262 263 264 265 266 267 268 
944: 263 265 266 268 945 
945: 263 265 266 268 944 
908: 265 266 268 307 
276: 277 278 
277: 276 278 401 402 403 404 405 595 
278: 276 277 401 402 403 404 405 595 
401: 277 278 402 403 404 405 
403: 277 278 401 402 404 405 595 
404: 277 278 401 402 403 405 
405: 277 278 401 402 403 404 
595: 277 278 403 
279: 280 281 282 283 284 285 
280: 279 281 282 283 284 285 
282: 279 280 281 283 284 285 450 
283: 279 280 281 282 284 285 574 1451 
284: 279 280 281 282 283 285 
285: 279 280 281 282 283 284 
574: 281 283 575 576 
575: 281 574 
576: 281 574 
1081: 281 
1343: 281 1344 
1344: 281 1343 
1451: 281 283 
450: 282 
304: 301 302 
463: 301 460 461 462 638 
1182: 302 
499: 303 
1026: 303 1027 1416 1417 
1416: 303 1026 1417 
1417: 303 1026 1416 
590: 307 589 591 592 1180 1181 
1039: 308 1040 
1040: 308 1039 
1549: 308 
491: 309 490 
493: 309 490 
326: 327 328 329 
328: 326 327 329 402 416 1189 
329: 326 327 328 547 1389 
416: 327 328 402 596 1404 1405 1406 1407 1408 
417: 327 402 
1189: 327 328 
1404: 327 416 1405 1406 1407 1408 
1405: 327 416 1404 1406 1407 1408 
1406: 327 416 1404 1405 1407 1408 
1407: 327 416 1404 1405 1406 1408 
1408: 327 416 1404 1405 1406 1407 
1389: 329 547 
1214: 330 1215 1216 1217 
1215: 330 1214 1216 1217 
1216: 330 1214 1215 1217 
1217: 330 1214 1215 1216 
342: 343 344 692 
344: 342 343 
692: 342 
866: 371 867 
867: 371 866 
378: 375 376 377 
1263: 375 376 377 
1347: 377 1348 
1348: 377 1347 
429: 428 
442: 443 
675: 443 676 
676: 443 675 1556 1557 1558 
739: 443 
460: 461 462 463 
461: 460 462 463 
462: 460 461 463 
465: 464 466 
466: 464 465 
472: 473 474 984 1091 
474: 472 473 
984: 472 473 983 985 986 1091 1092 
1091: 472 473 984 
985: 473 983 984 1092 
1092: 473 984 985 
492: 490 
501: 500 502 
502: 500 501 503 
503: 500 502 
514: 515 516 517 
515: 514 516 517 674 
674: 515 516 
1086: 516 1087 
1087: 516 1086 1088 1089 
1089: 516 1087 
1341: 517 
546: 547 
1239: 547 
589: 590 591 592 1180 1181 
591: 589 590 592 1180 1181 
592: 589 590 591 
1180: 589 590 591 1181 
1181: 589 590 591 1180 
640: 638 
653: 652 654 655 
656: 652 654 655 
774: 654 657 761 775 776 1130 
863: 654 864 
864: 654 863 
1556: 676 1557 1558 
1557: 676 1556 1558 
1558: 676 1556 1557 
693: 694 695 696 697 698 
694: 693 695 696 697 698 
695: 693 694 696 697 698 715 716 717 718 
696: 693 694 695 697 698 
698: 693 694 695 696 697 
715: 695 716 717 718 
716: 695 715 717 718 
717: 695 715 716 718 
718: 695 715 716 717 
775: 756 761 764 765 774 776 892 
892: 756 761 764 765 775 
776: 761 774 775 
983: 984 985 986 
986: 983 984 
1027: 1026 
1312: 1313 1314 1315 1316 
1313: 1312 1314 1315 1316 
1314: 1312 1313 1315 1316 
1316: 1312 1313 1314 1315 
